0.1273787 0.9918542 0
0.5470271 0.8371149 0
0.8624946 0.5060663 0
0.9127322 0.4085583 0
0.9852794 0.1709517 0
0.9904008 -0.1382251 0
0.8954523 -0.4451575 0
0.7790658 -0.6269421 0
0.5437273 -0.8392620 0
0.2415185 -0.9703962 0
0.0499472 -0.9987519 0
-0.2032908 -0.9791184 0
-0.5037933 -0.8638243 0
-0.5669161 -0.8237755 0
-0.7651222 -0.6438850 0
-0.9933423 -0.1152005 0
-0.9865017 0.1637508 0
-0.8597157 0.5107729 0
-0.5033536 0.8640805 0
-0.3483471 0.9373656 0
-0.2773325 0.9607740 0
-0.0341566 0.9994165 0

