-0.3216981 -0.9468423 0
-0.9995374 0.0304137 0
0.9187726 -0.3947872 0
0.993454 -0.1142329 0
-0.6888536 -0.7249005 0
-0.8966189 -0.4428031 0
0.949251 0.3145195 0
0.2407327 0.9705914 0
0.9903770 0.1383956 0
0.7224162 -0.6914585 0
0.7110748 0.7031164 0
-0.8638836 0.5036915 0
-0.9915210 -0.1299468 0
0.8576265 0.5142730 0
0.1567549 -0.9876375 0
-0.0252362 -0.9996815 0
0.8337517 -0.5521396 0
-0.9571837 -0.2894812 0
-0.6701698 0.7422079 0
-0.3703188 0.9289047 0
0.0006403 0.9999998 0
-0.9410005 0.3384053 0

