0.1456977 0.9893291 0
0.5422785 0.8401988 0
0.8394076 0.5435025 0
0.8937327 0.4485998 0
0.9777057 0.2099800 0
0.9977599 -0.0668971 0
0.9395397 -0.34244 0
0.8325251 -0.5539873 0
0.6334663 -0.7737703 0
0.3692276 -0.9293390 0
0.1749357 -0.9845799 0
-0.0505692 -0.9987206 0
-0.3773425 -0.9260738 0
-0.4291212 -0.9032469 0
-0.6274232 -0.7786785 0
-0.9534226 -0.3016378 0
-0.9977828 -0.0665539 0
-0.9465955 0.3224236 0
-0.6703575 0.7420383 0
-0.5808501 0.8140105 0
-0.5132959 0.8582117 0
-0.2806849 0.9598000 0
-0.0772122 0.9970147 0

