0.9752022 0.2213157 0
0.8758966 0.4824989 0
0.0950214 0.9954752 0
0.9166986 -0.3995795 0
0.9966096 0.0822760 0
0.7622678 0.6472617 0
-0.7712620 -0.6365178 0
-0.9824954 0.1862867 0
-0.5703716 -0.8213868 0
-0.922693 0.3855355 0
0.7610440 -0.6487002 0
-0.6769239 -0.7360530 0
0.0515769 -0.9986690 0
-0.0507905 0.9987093 0
-0.2323022 0.9726437 0
-0.2978518 -0.9546121 0
-0.9235024 -0.3835926 0
0.9376517 0.3475762 0
0.9688333 -0.2477137 0
-0.9675433 -0.2527053 0
0.8497577 -0.5271734 0
-0.8583945 0.5129901 0
0.4327002 -0.9015379 0

