0.1639818 0.9864634 0
0.5189307 0.8548163 0
0.8192243 0.5734732 0
0.8735395 0.4867532 0
0.9659258 0.2588190 0
0.9999862 0.0052445 0
0.9645098 -0.2640469 0
0.8735118 -0.4868031 0
0.7088952 -0.7053138 0
0.4841572 -0.8749810 0
0.2827533 -0.9591927 0
0.0875779 -0.9961577 0
-0.2224919 -0.9749345 0
-0.3011106 -0.9535892 0
-0.4757196 -0.8795970 0
-0.8827127 -0.4699130 0
-0.9687909 -0.2478793 0
-0.9932396 0.1160819 0
-0.8290320 0.5592011 0
-0.7564587 0.6540415 0
-0.7017183 0.7124545 0
-0.5009687 0.8654654 0
-0.3316313 0.9434091 0
-0.0538086 0.9985513 0

