0.9941168 0.1083131 0
0.0965267 -0.9953304 0
0.6805458 -0.7327055 0
-0.3332738 -0.9428301 0
-0.8765839 0.4812490 0
-0.1008452 -0.9949021 0
0.7910878 -0.6117026 0
-0.2836150 0.9589382 0
0.3083378 -0.9512769 0
0.3432606 0.9392402 0
0.8653796 0.5011169 0
-0.7911244 0.6116553 0
0.7911244 -0.6116553 0
-0.0063579 0.9999798 0
-0.9668211 -0.2554543 0
0.4873507 -0.8732063 0
0.7910948 -0.6116936 0
-0.9512615 0.3083855 0
-0.5248609 0.8511880 0
-0.8143213 -0.5804144 0
0.7298566 0.6836002 0
-0.7910961 0.6116919 0
0.9372234 -0.3487296 0
0.9488767 0.3156470 0

