0.2604199 0.9654954 0
0.5820403 0.8131600 0
0.8158696 0.578236 0
0.8486485 0.5289572 0
0.9510565 0.3090170 0
0.9980267 0.0627905 0
0.9822873 -0.1873813 0
0.9048271 -0.4257793 0
0.7789065 -0.6271401 0
0.5764628 -0.8171234 0
0.3704762 -0.9288420 0
0.2291260 -0.9733968 0
-0.1253332 -0.9921147 0
-0.2199448 -0.9755123 0
-0.3911005 -0.920348 0
-0.7860999 -0.6180994 0
-0.9101785 -0.4142163 0
-0.9953621 -0.0961992 0
-0.9379891 0.3466648 0
-0.9122357 0.4096657 0
-0.8443279 0.5358268 0
-0.6895944 0.7241958 0
-0.6127583 0.7902703 0
-0.4024614 0.9154370 0
-0.0325852 0.9994690 0

