0.8752171 0.4837303 0
-0.8752171 -0.4837304 0
0.8752171 0.4837303 0
-0.8752171 -0.4837304 0
0.8457895 -0.5335168 0
-0.6035215 -0.7973467 0
-0.9945407 -0.1043497 0
0.8752171 0.4837303 0
-0.9623916 0.2716658 0
-0.8752170 -0.4837305 0
-0.8752171 -0.4837303 0
-0.8752178 -0.4837291 0
-0.8752169 -0.4837306 0
-0.7909464 0.6118854 0
0.6166695 0.7872222 0
0.1172222 -0.9931057 0
0.9969621 -0.0778877 0
-0.1057715 0.9943905 0
0.8752169 0.4837306 0
0.8752171 0.4837303 0
0.8752172 0.4837301 0
0.8752172 0.4837302 0
-0.8752171 -0.4837303 0
-0.2594691 -0.9657514 0
0.2732878 0.9619323 0

