0.1418832 0.9898834 0
0.4665204 0.8845104 0
0.7562876 0.6542393 0
0.8229839 0.5680647 0
0.9350162 0.3546049 0
0.9927089 0.1205367 0
0.9927089 -0.1205367 0
0.9364381 -0.3508327 0
0.8259530 -0.5637390 0
0.6654486 -0.7464437 0
0.4628238 -0.8864503 0
0.3594071 -0.9331809 0
-3.216D-16 -1 0
-0.0970961 -0.9952750 0
-0.2261987 -0.9740812 0
-0.6850870 -0.7284612 0
-0.8298857 -0.5579335 0
-0.9712538 -0.2380462 0
-0.9707445 0.2401148 0
-0.9832671 0.1821695 0
-0.9343764 0.3562875 0
-0.8249954 0.5651395 0
-0.7644162 0.6447231 0
-0.5479118 0.8365361 0
-0.1633893 0.9865617 0
0.1048908 0.9944837 0

