0.4904630 -0.8714620 0
-0.4904630 0.8714620 0
0.4904632 -0.8714619 0
0.4904634 -0.8714618 0
0.2384583 0.9711527 0
-0.4904634 0.8714618 0
0.0049575 -0.9999877 0
-0.6424716 -0.7663095 0
-0.4904630 0.8714620 0
-0.4904632 0.8714619 0
-0.4904634 0.8714618 0
-0.7631709 0.6461967 0
0.4904799 -0.8714525 0
-0.9999135 -0.0131491 0
0.4904630 -0.8714620 0
0.4904634 -0.8714618 0
0.9998147 -0.0192509 0
-0.4904661 0.8714603 0
0.6115980 0.7911687 0
-0.9366554 0.3502523 0
0.4904632 -0.8714619 0
-0.4904804 0.8714522 0
-0.3501650 -0.9366881 0
-0.4904630 0.8714620 0
0.4904630 -0.8714620 0
-0.4904631 0.8714619 0

