0.1036927 0.9946094 0
0.4515246 0.8922587 0
0.7277896 0.6858005 0
0.8021232 0.5971586 0
0.9182161 0.3960798 0
0.9848078 0.1736482 0
0.9983082 -0.0581448 0
0.9601771 -0.2793923 0
0.8755308 -0.4831624 0
0.7273736 -0.6862416 0
0.5673217 -0.8234962 0
0.4511736 -0.8924362 0
0.1160929 -0.9932384 0
-0.0040571 -0.9999918 0
-0.1024748 -0.9947356 0
-0.5687555 -0.8225067 0
-0.7354281 -0.6776028 0
-0.9222465 -0.3866024 0
-0.9983612 0.0572276 0
-0.9998601 0.0167263 0
-0.9863270 0.1647998 0
-0.9159560 0.4012788 0
-0.8682184 0.4961822 0
-0.7141268 0.7000164 0
-0.3844893 0.9231294 0
-0.0947814 0.9954981 0
-2.449D-16 1 0

