-0.8214659 0.5702576 0
-0.9804968 0.1965351 0
0.9804969 -0.1965346 0
-0.9804968 0.1965349 0
0.5713730 0.8206905 0
-0.9804969 0.1965347 0
0.3240082 -0.9460543 0
-0.6784186 -0.7346755 0
0.9779374 0.2088982 0
-0.9804968 0.1965351 0
0.9804968 -0.1965351 0
-0.9804968 0.1965351 0
-0.9424700 -0.3342908 0
0.9804968 -0.1965350 0
0.9804968 -0.1965348 0
-0.9804968 0.1965348 0
-0.9804969 0.1965348 0
0.7266163 -0.6870435 0
0.9804968 -0.1965351 0
0.9804968 -0.1965348 0
0.8333263 0.5527814 0
0.9804969 -0.1965348 0
-0.9804969 0.1965348 0
0.9804968 -0.1965351 0
-0.5582432 0.8296774 0
-0.2134701 0.9769496 0
-0.9804968 0.1965351 0

