0.1005717 0.9949298 0
0.4356157 0.9001327 0
0.7078454 0.7063674 0
0.7818315 0.6234898 0
0.9009689 0.4338837 0
0.9749279 0.2225209 0
1 6.123D-17 0
0.9763445 -0.2162207 0
0.9097448 -0.4151680 0
0.7818315 -0.6234898 0
0.6370607 -0.7708136 0
0.5372551 -0.8434198 0
0.2225209 -0.9749279 0
0.1133101 -0.9935597 0
0.0281736 -0.9996030 0
-0.4573326 -0.8892957 0
-0.6323580 -0.7746763 0
-0.8591224 -0.5117701 0
-0.9965720 -0.0827296 0
-0.9849127 -0.1730519 0
-0.9999745 -0.0071350 0
-0.9727307 0.2319375 0
-0.9461272 0.3237951 0
-0.8322489 0.5544022 0
-0.5669513 0.8237513 0
-0.3175902 0.9482281 0
-0.2225209 0.9749279 0
-2.449D-16 1 0

