0.9994366 -0.0335637 0
-0.9913766 -0.1310438 0
0.9994366 -0.0335636 0
0.9913766 0.1310439 0
0.9994366 -0.0335637 0
-0.9913766 -0.1310440 0
0.5968995 -0.8023160 0
-0.9913766 -0.1310439 0
0.9994366 -0.0335637 0
-0.9913766 -0.1310439 0
-0.4657454 -0.8849188 0
0.8002446 0.5996738 0
-0.8899171 0.4561222 0
-0.9913766 -0.1310438 0
0.8891187 -0.4576766 0
-0.9913765 -0.1310441 0
0.9913766 0.1310440 0
0.9913765 0.1310441 0
0.4506942 0.8926784 0
-0.9913766 -0.1310438 0
0.9913766 0.1310438 0
-0.8105882 -0.5856166 0
-0.9994366 0.0335637 0
0.9913766 0.1310439 0
0.9994366 -0.0335638 0
-0.9913766 -0.1310440 0
-0.9994366 0.0335637 0
-0.5908514 0.8067804 0

