0.1114145 0.9937740 0
0.4305042 0.9025886 0
0.6735499 0.7391418 0
0.7621621 0.6473863 0
0.8835120 0.4684084 0
0.9635500 0.2675283 0
0.9985334 0.0541389 0
0.9890566 -0.1475369 0
0.9436131 -0.3310502 0
0.827689 -0.5611871 0
0.6939108 -0.7200610 0
0.6323835 -0.7746555 0
0.3193015 -0.9476532 0
0.2065734 -0.9784311 0
0.1240460 -0.9922765 0
-0.3571267 -0.9340559 0
-0.5249537 -0.8511308 0
-0.7844318 -0.6202151 0
-0.9701053 -0.2426843 0
-0.9481570 -0.3178022 0
-0.9859403 -0.1670980 0
-0.9978986 0.0647951 0
-0.9866552 0.1628236 0
-0.9187996 0.3947243 0
-0.7198605 0.6941188 0
-0.5125724 0.8586440 0
-0.4198891 0.9075754 0
-0.2149704 0.9766206 0
-2.449D-16 1 0

