-0.4111756 -0.9115562 0
-0.2733492 0.9619149 0
-0.4171547 -0.9088355 0
0.4171549 0.9088354 0
-0.4111767 -0.9115556 0
-0.9273268 -0.3742527 0
-0.7636139 0.6456732 0
0.5377824 -0.8430837 0
-0.4171549 -0.9088354 0
-0.4171552 -0.9088353 0
0.4111599 0.9115632 0
0.4171552 0.9088353 0
0.4111762 0.9115559 0
-0.411176 -0.9115560 0
0.4171547 0.9088355 0
0.7779414 0.6283369 0
-0.4111761 -0.9115559 0
0.4111761 0.9115559 0
0.4171603 0.9088329 0
-0.9997985 -0.0200737 0
0.8925062 0.4510351 0
-0.0405726 -0.9991766 0
0.6336519 0.7736183 0
0.4111785 0.9115549 0
0.9913557 -0.1312017 0
0.0018110 0.9999984 0
0.4111769 0.9115556 0
0.4111756 0.9115561 0
-0.4111761 -0.9115559 0

