0.1699662 0.9854499 0
0.4672677 0.8841159 0
0.6941386 0.7198414 0
0.7431448 0.6691306 0
0.8660254 0.5 0
0.9510565 0.3090170 0
0.9945219 0.1045285 0
0.9958571 -0.0909318 0
0.9691866 -0.2463275 0
0.8660254 -0.5 0
0.7446733 -0.6674292 0
0.7066077 -0.7076055 0
0.4067366 -0.9135455 0
0.2740927 -0.9617033 0
0.2212213 -0.9752236 0
-0.2668494 -0.9637382 0
-0.4164372 -0.9091645 0
-0.7076927 -0.7065203 0
-0.9215332 -0.3882997 0
-0.8752719 -0.4836312 0
-0.9538939 -0.3001439 0
-0.9945219 -0.1045285 0
-0.9998335 0.0182471 0
-0.9732009 0.2299564 0
-0.8353179 0.5497673 0
-0.6829040 0.7305081 0
-0.5782445 0.8158635 0
-0.4067366 0.9135455 0
-0.2235408 0.9746946 0
-0.1470562 0.9891281 0

