-0.4224211 -0.9063997 0
0.4224211 0.9063997 0
-0.4224212 -0.9063996 0
-0.4224217 -0.9063994 0
-0.4224215 -0.9063995 0
0.4224216 0.9063995 0
-0.4224212 -0.9063997 0
0.4224212 0.9063996 0
0.4224211 0.9063997 0
-0.4224215 -0.9063995 0
0.3389237 -0.9408139 0
-0.4224212 -0.9063996 0
-0.9308528 -0.3653945 0
0.4224216 0.9063995 0
-0.6697084 0.7426242 0
0.4224212 0.9063996 0
-0.4224212 -0.9063996 0
-0.4224212 -0.9063996 0
-0.4224218 -0.9063994 0
-0.4224211 -0.9063997 0
0.6498330 -0.7600770 0
0.4224214 0.9063996 0
0.9385304 0.3451965 0
-0.3621468 0.9321211 0
0.4224215 0.9063995 0
0.9999657 -0.0082798 0
-0.0177944 -0.9998417 0
-0.0026339 0.9999965 0
-0.4224216 -0.9063995 0
0.7566785 0.6537871 0

