0.1950035 0.9808025 0
0.4704330 0.8824357 0
0.6782924 0.7347921 0
0.7247928 0.6889669 0
0.8486443 0.5289640 0
0.9377521 0.3473053 0
0.9884683 0.1514278 0
0.9987165 -0.0506492 0
0.9743016 -0.2252473 0
0.8978045 -0.4403942 0
0.7918425 -0.6107253 0
0.7661754 -0.6426316 0
0.4853020 -0.8743466 0
0.3536236 -0.9353878 0
0.306439 -0.9518903 0
-0.1512999 -0.9884879 0
-0.3078893 -0.9514222 0
-0.5879354 -0.8089079 0
-0.8440121 -0.5363241 0
-0.8183972 -0.5746529 0
-0.8927649 -0.4505229 0
-0.9708462 -0.2397032 0
-0.9934341 -0.1144059 0
-0.9962936 0.0860177 0
-0.9206402 0.3904122 0
-0.8100964 0.5862967 0
-0.7247928 0.6889669 0
-0.5712682 0.8207634 0
-0.4153035 0.9096829 0
-0.3789886 0.9254013 0
0.0026327 0.9999965 0

