0.1935274 0.9810949 0
-0.7242631 -0.6895237 0
0.7242631 0.6895237 0
-0.7242631 -0.6895237 0
0.7242627 0.6895241 0
-0.9622809 -0.2720580 0
0.2878765 -0.9576676 0
0.1437939 0.9896077 0
0.7242631 0.6895237 0
-0.7242631 -0.6895237 0
-0.1437945 -0.9896076 0
0.7242632 0.6895236 0
-0.1935264 -0.9810951 0
0.7242632 0.6895236 0
-0.7242632 -0.6895236 0
-0.7242632 -0.6895236 0
-0.1437939 -0.9896077 0
-0.293837 0.9558555 0
0.7242631 0.6895237 0
-0.1935268 -0.9810950 0
0.7242632 0.6895236 0
0.1935268 0.9810950 0
-0.7242631 -0.6895237 0
0.7242631 0.6895237 0
0.1437945 0.9896076 0
0.1437945 0.9896076 0
-0.1935268 -0.9810950 0
0.1935328 0.9810938 0
0.1935268 0.9810950 0
-0.1935276 -0.9810948 0
0.9621201 0.2726258 0

