0.1950903 0.9807853 0
0.4493491 0.8933563 0
0.6274916 0.7786234 0
0.6990463 0.7150764 0
0.8374051 0.5465827 0
0.9238795 0.3826834 0
0.9807853 0.1950903 0
1 6.123D-17 0
0.9884776 -0.1513671 0
0.9238795 -0.3826834 0
0.8338613 -0.5519741 0
0.8145045 -0.5801573 0
0.5555702 -0.8314696 0
0.4485999 -0.8937327 0
0.3942194 -0.9190164 0
-0.0779338 -0.9969585 0
-0.2048741 -0.9787883 0
-0.5089854 -0.8607752 0
-0.7506025 -0.6607540 0
-0.7431183 -0.6691601 0
-0.8314696 -0.5555702 0
-0.9238795 -0.3826834 0
-0.9787199 -0.2052007 0
-0.9968549 -0.0792479 0
-0.9686479 0.2484374 0
-0.9159621 0.4012647 0
-0.8314696 0.5555702 0
-0.7071068 0.7071068 0
-0.5560133 0.8311734 0
-0.5186916 0.8549614 0
-0.2425185 0.9701468 0
0.0272626 0.9996283 0

