0.9217035 -0.3878951 0
0.9217036 -0.3878950 0
0.9217035 -0.3878952 0
0.7407049 0.6718305 0
-0.9217034 0.3878953 0
-0.9217034 0.3878953 0
0.9217034 -0.3878953 0
0.9260511 0.3773982 0
-0.9217038 0.3878945 0
-0.1075161 0.9942033 0
-0.9217035 0.3878953 0
0.9217035 -0.3878951 0
0.9217034 -0.3878953 0
0.9217036 -0.3878950 0
-0.9217036 0.3878950 0
-0.9217036 0.3878950 0
-0.9217034 0.3878953 0
-0.9217035 0.3878951 0
0.9217037 -0.3878947 0
0.9993042 0.0372982 0
0.9217035 -0.3878951 0
-0.9217024 0.3878978 0
-0.5147695 0.8573286 0
0.9217024 -0.3878978 0
0.9217037 -0.3878946 0
0.5858607 -0.8104118 0
0.9217034 -0.3878953 0
0.1728639 -0.9849457 0
-0.9217035 0.3878952 0
-0.9217035 0.3878951 0
0.9217035 -0.3878952 0
0.9217035 -0.3878952 0

