0.1848104 0.9827742 0
0.4048128 0.9143996 0
0.5767178 0.8169435 0
0.6900790 0.7237340 0
0.8145760 0.5800569 0
0.909632 0.4154150 0
0.9718116 0.2357589 0
0.9988673 0.0475819 0
0.9954687 -0.0950893 0
0.9450008 -0.3270680 0
0.8672463 -0.4978794 0
0.8454993 -0.5339765 0
0.6181590 -0.7860531 0
0.5147408 -0.8573458 0
0.4829374 -0.8756549 0
0.0247556 -0.9996935 0
-0.1034204 -0.9946377 0
-0.3982219 -0.9172891 0
-0.6654987 -0.7463990 0
-0.6564941 -0.7543311 0
-0.7557496 -0.6548607 0
-0.8660254 -0.5 0
-0.9409062 -0.3386673 0
-0.9726560 -0.2322507 0
-0.9946394 0.1034048 0
-0.9668704 0.2552678 0
-0.9051386 0.4251165 0
-0.8145760 0.5800569 0
-0.6973852 0.7166965 0
-0.6512381 0.7588734 0
-0.3606925 0.9326848 0
-0.1587725 0.9873152 0
0.0324676 0.9994728 0

