0.9975687 -0.0696904 0
-0.1788658 -0.9838735 0
0.5791748 -0.8152034 0
-0.5791750 0.8152032 0
0.6255758 -0.7801634 0
0.6255758 -0.7801634 0
-0.8858657 0.4639418 0
0.5791746 -0.8152035 0
0.5791747 -0.8152035 0
-0.5791747 0.8152035 0
-0.6255758 0.7801634 0
0.6255757 -0.7801635 0
0.6255759 -0.7801633 0
0.5791747 -0.8152035 0
0.6255759 -0.7801633 0
-0.9782750 -0.2073113 0
0.6255757 -0.7801635 0
0.5791747 -0.8152035 0
0.2179486 0.9759603 0
-0.5791746 0.8152035 0
-0.6255758 0.7801634 0
-0.6255758 0.7801634 0
-0.6255758 0.7801634 0
-0.6255757 0.7801635 0
-0.6255756 0.7801635 0
0.6255758 -0.7801634 0
0.6255758 -0.7801634 0
-0.9904035 0.1382057 0
-0.6255757 0.7801635 0
0.6255758 -0.7801634 0
-0.5791746 0.8152036 0
-0.5791748 0.8152034 0
0.5791750 -0.8152032 0

