0.1904256 0.9817016 0
0.5342033 0.8453561 0
0.6079560 0.7939707 0
0.6736956 0.7390089 0
0.7980172 0.6026346 0
0.8951633 0.4457384 0
0.9618256 0.2736630 0
0.9957342 0.0922684 0
0.9957342 -0.0922684 0
0.9618256 -0.2736630 0
0.8951633 -0.4457384 0
0.8627324 -0.5056607 0
0.6736956 -0.7390089 0
0.5481693 -0.8363674 0
0.5443162 -0.8388801 0
0.1440827 -0.9895657 0
-0.0094033 -0.9999558 0
-0.2624036 -0.9649582 0
-0.5770817 -0.8166864 0
-0.5377483 -0.8431054 0
-0.6660265 -0.7459281 0
-0.8041888 -0.5943739 0
-0.8951633 -0.4457384 0
-0.9434983 -0.3313775 0
-0.9989611 -0.0455717 0
-0.9953244 0.0965885 0
-0.9618256 0.2736630 0
-0.8951633 0.4457384 0
-0.7980172 0.6026346 0
-0.7434674 0.6687722 0
-0.5136972 0.8579716 0
-0.3883964 0.9214924 0
-0.3846245 0.9230731 0
-0.0249339 0.9996891 0

