-0.6482844 -0.7613983 0
-0.6482846 -0.7613981 0
0.6482854 0.7613974 0
0.4967730 0.8678805 0
-0.4967730 -0.8678805 0
0.4967730 0.8678805 0
0.4967730 0.8678805 0
-0.6482852 -0.7613976 0
-0.6482845 -0.7613982 0
-0.6482847 -0.7613980 0
0.9384208 0.3454945 0
0.9973073 -0.0733361 0
-0.4967730 -0.8678805 0
0.4967730 0.8678805 0
-0.6482846 -0.7613981 0
0.6482846 0.7613981 0
0.6482847 0.7613981 0
0.6482853 0.7613975 0
0.6482843 0.7613983 0
0.4967730 0.8678805 0
-0.4967730 -0.8678805 0
-0.6482854 -0.7613974 0
0.1223715 -0.9924844 0
-0.6482846 -0.7613981 0
-0.3539498 0.9352644 0
0.6482846 0.7613981 0
0.6482847 0.761398 0
0.4967730 0.8678805 0
0.6482845 0.7613982 0
0.0682838 0.9976659 0
-0.6482854 -0.7613975 0
-0.6482854 -0.7613975 0
-0.6482846 -0.7613981 0
0.6482845 0.7613982 0

