0.1906256 0.9816628 0
0.5141271 0.8577140 0
0.5638133 0.8259022 0
0.6579387 0.7530715 0
0.7818315 0.6234898 0
0.8805955 0.4738687 0
0.9510565 0.3090170 0
0.9909498 0.1342333 0
0.9993756 -0.0353336 0
0.9726523 -0.2322659 0
0.9195278 -0.3930250 0
0.8687510 -0.4952492 0
0.7227949 -0.6910626 0
0.6241352 -0.7813163 0
0.5947850 -0.8038848 0
0.2371916 -0.9714629 0
0.0811852 -0.9966990 0
-0.162 -0.9867908 0
-0.4339289 -0.9009471 0
-0.4671242 -0.8841917 0
-0.5877853 -0.8090170 0
-0.7227949 -0.6910626 0
-0.8345733 -0.5508970 0
-0.9027357 -0.4301956 0
-0.9823297 -0.1871586 0
-0.9989931 -0.0448648 0
-0.9909498 0.1342333 0
-0.9510565 0.3090170 0
-0.8805955 0.4738687 0
-0.8182821 0.5748169 0
-0.6505233 0.7594863 0
-0.5644044 0.8254985 0
-0.5080395 0.8613338 0
-0.2860278 0.9582213 0
0.1082657 0.994122 0

