0.8564879 0.5161671 0
-0.8523625 -0.5229513 0
0.8564876 0.5161675 0
0.8564878 0.5161672 0
-0.8523625 -0.5229513 0
-0.8564879 -0.5161671 0
0.8564877 0.5161675 0
-0.8523625 -0.5229514 0
0.8564877 0.5161674 0
0.4602303 0.8877996 0
-0.8564879 -0.5161671 0
-0.8523625 -0.5229514 0
0.8564879 0.5161671 0
-0.0446393 -0.9990032 0
-0.8564878 -0.5161672 0
0.8523625 0.5229513 0
0.8564877 0.5161674 0
0.8452615 -0.5343529 0
-0.8875000 0.4608078 0
-0.8564877 -0.5161675 0
-0.4741223 -0.8804590 0
0.8564877 0.5161674 0
0.8523625 0.5229514 0
-0.8564880 -0.5161670 0
-0.8564877 -0.5161675 0
0.9923917 0.1231210 0
-0.8564876 -0.5161676 0
-0.9995927 0.0285369 0
0.0348019 0.9993942 0
-0.8564879 -0.5161671 0
0.8564877 0.5161675 0
-0.8523624 -0.5229516 0
0.9770786 -0.2128787 0
-0.8564877 -0.5161674 0
0.8523625 0.5229513 0

