0.1737654 0.9847871 0
0.3816207 0.9243190 0
0.5080823 0.8613085 0
0.6427876 0.7660444 0
0.7660444 0.6427876 0
0.8660254 0.5 0
0.9396926 0.3420201 0
0.9848078 0.1736482 0
1 6.123D-17 0
0.9848078 -0.1736482 0
0.9396926 -0.3420201 0
0.9148607 -0.4037696 0
0.7660444 -0.6427876 0
0.6651629 -0.7466983 0
0.6540246 -0.7564733 0
0.2969827 -0.9548828 0
0.1736482 -0.9848078 0
-0.0979536 -0.9951910 0
-0.3581105 -0.9336792 0
-0.3621749 -0.9321102 0
-0.5 -0.8660254 0
-0.6427876 -0.7660444 0
-0.7660444 -0.6427876 0
-0.8433444 -0.5373734 0
-0.9522864 -0.3052058 0
-0.9848078 -0.1736482 0
-1 -1.837D-16 0
-0.9848078 0.1736482 0
-0.9430468 0.3326601 0
-0.8880821 0.4596849 0
-0.7694649 0.6386891 0
-0.6875241 0.7261616 0
-0.6312903 0.7755466 0
-0.3740275 0.9274176 0
-0.0331499 0.9994504 0
0.1149241 0.9933743 0

