0.3472738 -0.9377638 0
0.3472737 -0.9377638 0
-0.6024087 0.7981878 0
0.0838023 0.9964824 0
0.3472737 -0.9377638 0
0.3472732 -0.937764 0
0.6024089 -0.7981877 0
-0.6024090 0.7981875 0
0.9602120 -0.2792720 0
0.6024089 -0.7981876 0
0.6024087 -0.7981878 0
-0.6024089 0.7981877 0
0.6024089 -0.7981877 0
0.6024090 -0.7981875 0
-0.6024087 0.7981878 0
0.6024087 -0.7981878 0
0.6024087 -0.7981878 0
-0.3472737 0.9377638 0
-0.6024089 0.7981877 0
-0.4616966 -0.8870379 0
-0.6024089 0.7981876 0
-0.3472759 0.9377630 0
0.6024090 -0.7981876 0
0.3472735 -0.9377639 0
-0.3472735 0.9377639 0
-0.0802481 -0.9967749 0
-0.3472737 0.9377638 0
0.3472735 -0.9377639 0
0.6024087 -0.7981878 0
-0.3472737 0.9377638 0
0.4637432 0.8859696 0
0.6024089 -0.7981876 0
0.3472735 -0.9377639 0
-0.3472732 0.937764 0
0.3472737 -0.9377638 0
-0.3472734 0.9377639 0

