0.1650933 0.9862780 0
0.3365723 0.9416576 0
0.4876949 0.8730141 0
0.62822 0.7780358 0
0.7506723 0.6606747 0
0.8515291 0.5243073 0
0.9278890 0.3728565 0
0.9775552 0.2106793 0
0.9990990 0.0424412 0
0.9919004 -0.1270178 0
0.9576965 -0.2877801 0
0.9406799 -0.3392953 0
0.8039971 -0.5946332 0
0.721664 -0.6922435 0
0.6866878 -0.7269525 0
0.3598139 -0.9330241 0
0.2519781 -0.9677329 0
0.0069906 -0.9999756 0
-0.2569990 -0.9664117 0
-0.2900066 -0.9570246 0
-0.4119012 -0.9112285 0
-0.5599748 -0.8285096 0
-0.6919389 -0.7219561 0
-0.7813876 -0.6240461 0
-0.9071757 -0.4207521 0
-0.9561667 -0.2928228 0
-0.9919004 -0.1270178 0
-0.9990990 0.0424412 0
-0.9795482 0.2012095 0
-0.9451355 0.3266785 0
-0.8518377 0.5238058 0
-0.7914769 0.6111990 0
-0.7448401 0.6672431 0
-0.5304890 0.8476918 0
-0.1813301 0.9834223 0
-0.0104904 0.9999450 0
0.0224829 0.9997472 0

