-0.1308789 0.9913984 0
-0.9138467 0.4060594 0
-0.6218113 0.7831671 0
0.1308789 -0.9913984 0
-0.6218113 0.7831671 0
-0.1308794 0.9913983 0
-0.1308787 0.9913984 0
0.1308795 -0.9913983 0
-0.6218111 0.7831673 0
0.6218113 -0.7831671 0
0.6218110 -0.7831673 0
0.1308789 -0.9913984 0
-0.1308795 0.9913983 0
0.6218113 -0.7831671 0
0.6218111 -0.7831673 0
-0.6218111 0.7831673 0
-0.1308794 0.9913983 0
-0.1308795 0.9913983 0
-0.1308790 0.9913984 0
-0.1308793 0.9913983 0
0.6218105 -0.7831677 0
0.6218113 -0.7831671 0
-0.1308795 0.9913983 0
0.1308795 -0.9913983 0
0.1308795 -0.9913983 0
0.1308794 -0.9913983 0
0.9144634 -0.4046685 0
0.1308789 -0.9913984 0
0.1308790 -0.9913984 0
0.1308788 -0.9913984 0
-0.6218110 0.7831673 0
-0.1308789 0.9913984 0
-0.4099453 -0.9121101 0
-0.6218113 0.7831671 0
-0.1308789 0.9913984 0
-0.6218162 0.7831632 0
0.1308793 -0.9913983 0

