0.1621488 0.9867663 0
0.3267855 0.9450985 0
0.4759474 0.8794738 0
0.6142127 0.7891405 0
0.7357239 0.6772816 0
0.8371665 0.5469482 0
0.9157733 0.4016954 0
0.9694003 0.2454855 0
0.9965845 0.0825793 0
0.9965845 -0.0825793 0
0.9719147 -0.2353335 0
0.9558588 -0.2938265 0
0.8371665 -0.5469482 0
0.7632310 -0.6461257 0
0.7290053 -0.6845081 0
0.4343699 -0.9007346 0
0.3246995 -0.9458172 0
0.0858447 -0.9963085 0
-0.1667025 -0.9860072 0
-0.2033067 -0.9791151 0
-0.3246995 -0.9458172 0
-0.4759474 -0.8794738 0
-0.6142127 -0.7891405 0
-0.7042791 -0.7099232 0
-0.8583904 -0.512997 0
-0.9157733 -0.4016954 0
-0.9694003 -0.2454855 0
-0.9965845 -0.0825793 0
-0.9965845 0.0825793 0
-0.9787677 0.2049728 0
-0.9229489 0.3849225 0
-0.8790331 0.4767607 0
-0.8345127 0.5509888 0
-0.6407725 0.7677308 0
-0.3126896 0.9498554 0
-0.1849801 0.9827423 0
-0.1504716 0.9886143 0
-2.449D-16 1 0

