0.4920391 -0.8705731 0
-0.0761137 0.9970991 0
-0.4920392 0.8705731 0
-0.4920391 0.8705731 0
0.6247013 0.7808638 0
-0.0761137 0.9970991 0
-0.0761132 0.9970992 0
-0.0761136 0.9970992 0
-0.4920393 0.870573 0
0.0761135 -0.9970992 0
0.4920391 -0.8705731 0
0.4920392 -0.8705730 0
0.0761136 -0.9970992 0
-0.6099741 -0.7924214 0
0.0761137 -0.9970991 0
-0.4920390 0.8705731 0
-0.0761133 0.9970992 0
-0.2957200 -0.9552747 0
0.4920392 -0.8705730 0
0.4920394 -0.8705730 0
-0.4920391 0.8705731 0
0.8811368 -0.4728614 0
-0.4920392 0.8705730 0
0.3132474 0.9496716 0
0.4920391 -0.8705731 0
0.0761136 -0.9970992 0
-0.0761136 0.9970992 0
-0.4920392 0.8705730 0
-0.4920393 0.8705730 0
-0.0761135 0.9970992 0
0.0761132 -0.9970992 0
0.0761133 -0.9970992 0
0.4920396 -0.8705728 0
0.0761138 -0.9970991 0
-0.4920393 0.8705730 0
0.0761127 -0.9970992 0
-0.0761135 0.9970992 0
0.4920393 -0.8705730 0

