0.1587265 0.9873226 0
0.3181230 0.9480494 0
0.4647232 0.8854560 0
0.6007423 0.7994428 0
0.7150372 0.6990864 0
0.8279201 0.5608461 0
0.9034504 0.4286926 0
0.9605181 0.2782175 0
0.9927089 0.1205367 0
0.999189 -0.0402659 0
0.9807501 -0.1952670 0
0.9694147 -0.2454283 0
0.8660254 -0.5 0
0.7988165 -0.6015747 0
0.7738201 -0.6334054 0
0.4893506 -0.8720872 0
0.3849495 -0.9229376 0
0.1588531 -0.9873022 0
-0.0824195 -0.9965977 0
-0.1124217 -0.9936606 0
-0.2393157 -0.9709418 0
-0.3919666 -0.9199794 0
-0.5344658 -0.8451901 0
-0.6346086 -0.7728337 0
-0.7943682 -0.6074366 0
-0.8660254 -0.5 0
-0.9350162 -0.3546049 0
-0.9797907 -0.2000257 0
-0.999189 -0.0402659 0
-0.9988348 0.0482605 0
-0.9599414 0.2802010 0
-0.9250651 0.3798086 0
-0.9036632 0.4282439 0
-0.7509583 0.6603497 0
-0.4600109 0.8879133 0
-0.3285544 0.9444850 0
-0.3026340 0.9531069 0
-0.1604113 0.9870503 0
-2.449D-16 1 0

