0.1652304 -0.9862550 0
0.4577263 -0.8890932 0
-0.4523229 0.8918542 0
-0.4577262 0.8890932 0
-0.2722926 -0.9622145 0
-0.1652304 0.9862550 0
0.4523228 -0.8918543 0
-0.1652307 0.9862549 0
-0.4577262 0.8890932 0
-0.4577262 0.8890932 0
0.2722927 0.9622145 0
-0.4523229 0.8918543 0
-0.4523228 0.8918543 0
-0.1652308 0.9862549 0
-0.5771242 -0.8166564 0
-0.4523228 0.8918543 0
0.4523229 -0.8918543 0
0.8217315 -0.5698748 0
0.4577262 -0.8890932 0
-0.1652307 0.9862549 0
-0.2722926 -0.9622145 0
-0.4523229 0.8918543 0
0.4523229 -0.8918543 0
0.1652304 -0.986255 0
-0.1652308 0.9862549 0
0.1652307 -0.9862549 0
-0.2722927 -0.9622145 0
0.1652308 -0.9862549 0
0.1652308 -0.9862549 0
-0.8196658 0.5728420 0
0.1652304 -0.986255 0
0.2722926 0.9622145 0
0.4577262 -0.8890932 0
-0.4577263 0.8890932 0
-0.4577262 0.8890932 0
0.4577262 -0.8890932 0
0.1652304 -0.9862550 0
-0.4577262 0.8890932 0
-0.1652304 0.986255 0

