0.1650303 0.9862885 0
0.3667230 0.9303302 0
0.4611988 0.8872969 0
0.5877853 0.8090170 0
0.7071068 0.7071068 0
0.8090170 0.5877853 0
0.8910065 0.4539905 0
0.9510565 0.3090170 0
0.9854046 0.1702284 0
1 6.123D-17 0
0.9881544 -0.1534631 0
0.9832909 -0.1820414 0
0.8910065 -0.4539905 0
0.8150604 -0.5793760 0
0.8109445 -0.5851231 0
0.5305308 -0.8476656 0
0.4539905 -0.8910065 0
0.2157471 -0.9764493 0
-0.0170370 -0.9998549 0
-0.0145634 -0.9998939 0
-0.1564345 -0.9876883 0
-0.3090170 -0.9510565 0
-0.4539905 -0.8910065 0
-0.5566373 -0.8307556 0
-0.7300753 -0.6833667 0
-0.8090170 -0.5877853 0
-0.8910065 -0.4539905 0
-0.9510565 -0.3090170 0
-0.9876883 -0.1564345 0
-0.9981040 -0.0615502 0
-0.9881886 0.1532423 0
-0.9665831 0.2563535 0
-0.9487859 0.3159197 0
-0.8146239 0.5799896 0
-0.5618212 0.8272587 0
-0.5165248 0.8562722 0
-0.4539905 0.8910065 0
-0.3090170 0.9510565 0
-0.1691665 0.9855875 0
-0.0792978 0.9968510 0

