-0.2524894 -0.9675997 0
-0.2524890 -0.9675998 0
-0.2524892 -0.9675997 0
-0.9563363 -0.2922684 0
-0.9563364 -0.2922681 0
-0.9563363 -0.2922685 0
0.9563363 0.2922684 0
0.2524890 0.9675998 0
0.7159166 -0.6981858 0
-0.9563363 -0.2922684 0
0.9563364 0.2922683 0
0.2524892 0.9675997 0
0.2523649 0.9676322 0
-0.2524893 -0.9675997 0
0.2523649 0.9676321 0
-0.9563367 -0.2922672 0
-0.2523649 -0.9676322 0
-0.2523649 -0.9676321 0
-0.9563363 -0.2922686 0
-0.9563364 -0.2922681 0
-0.2524892 -0.9675997 0
-0.2524890 -0.9675998 0
0.9563364 0.2922681 0
0.2524892 0.9675997 0
0.9563364 0.2922681 0
-0.9563364 -0.2922683 0
-0.7107399 0.7034549 0
0.9563363 0.2922685 0
0.2524890 0.9675998 0
0.9563363 0.2922684 0
-0.7040863 -0.7101144 0
0.9563363 0.2922684 0
-0.2524890 -0.9675998 0
0.9563364 0.2922681 0
0.2523649 0.9676322 0
0.2524890 0.9675998 0
-0.2524892 -0.9675997 0
0.2524893 0.9675997 0
0.9563364 0.2922681 0
-0.2524893 -0.9675997 0

