0.1046531 0.475305 0.8735748
0.6820063 0.7219916 0.1166
-0.2486771 -0.9180949 0.3086445
-0.3647728 -0.7637988 -0.5324962
0.0693670 -0.3914858 0.9175659
0.6054915 -0.7726372 0.1908187
0.4648334 0.2655110 -0.8446501
0.9750234 -0.0441321 -0.2176735
-0.1026284 0.8510686 -0.5149269
-0.3543443 -0.0007343 -0.9351147
-0.9079524 -0.4170875 0.0407489
-0.8679561 0.3680788 -0.3334221
0.4707131 -0.5904939 -0.6555502
0.7820427 -0.0001692 0.6232248
-0.6717052 0.0366538 0.7399112
-0.4554095 0.8350127 0.3087976

