-0.9248099 0.1771455 -0.3366692
-0.2531452 0.9385523 -0.2345999
-0.3461387 -0.0618722 0.9361409
0.0928175 -0.7200958 0.6876387
0.5168614 0.4741501 -0.7127665
-0.2702703 0.3075523 -0.9123407
-0.7607813 0.5066074 0.4056610
0.5953536 0.7966063 0.1047497
-0.1286405 -0.9839192 -0.1239141
0.4119935 -0.4420376 -0.7967836
0.6953761 -0.7174236 0.0418970
0.9929822 0.0409334 -0.1109544
-0.5063953 -0.5133994 -0.6928094
0.0425781 0.6980480 0.7147839
0.6584193 0.0099037 0.7525862
-0.8161316 -0.5075566 0.2762524

