0.2858839 0.5585799 0.7786263
0.6625094 0.7487753 0.0204157
-0.2063844 -0.8608727 0.4650846
-0.1854826 -0.9127129 -0.3640760
0.1003264 -0.2634554 0.9594404
0.6087345 -0.7704608 0.1892945
0.4622130 0.2239404 -0.8580267
0.9721905 0.0049880 -0.2341383
-0.0285862 0.8397423 -0.5422322
-0.369218 0.1625321 -0.9150199
-0.8096425 -0.3720500 -0.4539359
-0.8592996 0.4392400 -0.2620542
0.5247762 -0.5732898 -0.6292447
0.8126993 -0.0552511 0.5800579
-0.8636647 -0.3320279 0.3792634
-0.3140475 0.9087247 0.2749429
-0.5034519 0.2921370 0.8131372

