0.6539404 0.5739828 0.4928547
0.3282992 -0.0709941 0.9419020
-0.8253942 -0.1211574 -0.5514031
-0.4360264 0.2926056 0.8510364
-0.3847360 0.5875914 -0.7118389
0.3231339 0.8845987 -0.3362582
-0.9212615 -0.2261320 0.3164515
-0.8037648 0.5940087 0.0334022
-0.1110469 0.9175705 0.3817499
0.6458050 -0.5734743 -0.5040467
0.3041081 -0.9342114 0.1864599
0.8760789 -0.3261676 0.3551062
-0.2725711 -0.6239700 0.7323704
-0.1367356 -0.5292949 -0.8373472
0.3263557 0.1769364 -0.9285394
0.9239169 0.2510447 -0.2887111
-0.4813591 -0.8661361 -0.1345422

