0.2042688 0.0240857 0.9786185
0.2063799 -0.4478945 -0.8699413
-0.7811755 -0.5848977 0.2183107
-0.9053341 -0.1049196 -0.4115361
0.1662446 -0.9859100 -0.0185529
-0.0760515 -0.7078630 0.7022436
-0.3889329 0.3024602 -0.8702005
0.9301666 0.2819502 -0.2351471
-0.4791303 0.8372555 -0.2635097
-0.5758588 -0.0842322 0.8131984
-0.8997330 0.3676862 0.2351328
0.8150384 -0.5276813 -0.2393008
-0.4403971 -0.7530414 -0.4888548
0.6829756 -0.4677768 0.5610073
-0.1093242 0.7784751 0.6180815
0.3499311 0.9031596 -0.2486987
0.4124357 0.3390270 -0.8455516
0.7112118 0.4726059 0.5204051

