0.0812375 -0.9511660 0.2977982
-0.9542488 0.2910667 -0.0684784
0.0906159 -0.1603947 -0.9828847
-0.7755996 -0.0727706 0.6270164
-0.3363163 0.5964234 0.7288144
-0.0811349 -0.8458573 -0.5272026
0.3349930 0.7608478 -0.5557790
-0.0937550 -0.4013284 0.9111232
0.9554112 0.2615860 0.1369751
0.7726941 0.0884492 -0.6285861
0.3977008 0.8759715 0.2729615
-0.701609 -0.7016718 0.1241026
-0.3952427 0.9175217 -0.0440135
0.7026300 -0.6466972 -0.2968060
-0.4214737 0.4732722 -0.7735460
-0.7271616 -0.3041416 -0.6154136
0.4211772 0.2640507 0.8676906
0.7255468 -0.4495747 0.5210225

