-0.6364375 0.0798478 0.7671842
-0.9379467 0.3467772 0.0012510
0.1313339 -0.1451208 -0.9806586
-0.8980930 -0.4386693 -0.0315930
0.1249838 0.3585390 0.9251102
0.5838402 -0.6112834 -0.5342876
-0.5509484 0.2610708 -0.7926525
0.1526556 0.6107986 -0.7769307
0.7740369 0.4249344 0.4693586
0.2286930 -0.4226853 0.8769473
-0.4971593 -0.5148110 -0.6984284
-0.4510655 -0.6895007 0.5666821
0.9786095 -0.2020643 0.0386460
-0.4162979 0.8583694 -0.2998300
-0.1486235 -0.9753422 -0.163152
0.5281001 -0.8111472 0.2512977
0.7646180 0.1473275 -0.6274185
-0.3849074 0.7852764 0.4849610
0.4307227 0.8973761 -0.0958863

