0.1872341 0.0857416 -0.9785662
-0.3352964 0.7249565 -0.6016763
-0.2397639 0.9587451 0.1527122
-0.6609303 0.0342570 -0.7496650
-0.0891262 -0.9955944 -0.0291250
-0.9060661 0.4216104 -0.0359011
-0.5549400 -0.5854728 0.5909849
-0.3165930 -0.6520125 -0.6889475
0.0171887 -0.1064852 0.9941657
0.4812529 -0.5877578 -0.6503357
0.7948896 0.0248239 0.6062460
0.8023413 -0.5943672 0.0545526
0.4368533 0.7314160 -0.5236313
-0.8990496 -0.4303059 -0.0809114
-0.6869435 0.2503815 0.6822153
0.9310155 0.1043196 -0.3497537
0.0906728 0.6266896 0.7739758
0.2895837 -0.7301006 0.6189462
0.6605688 0.7181957 0.2187322

