0.8948854 -0.3032165 0.3274750
-0.9384587 -0.2241921 -0.2627416
-0.4289133 -0.7763354 -0.4618839
-0.5808817 0.7090828 0.3997225
-0.3630347 -0.0982244 -0.9265839
-0.0251485 0.9987697 -0.0427401
0.7909844 0.4615749 0.4016121
0.3963382 0.1701963 -0.9021914
0.5458748 -0.8265587 -0.1371914
-0.1562840 0.6704959 -0.7252658
0.2320931 -0.5691782 -0.7887769
-0.8554098 -0.0040714 0.5179358
-0.2766248 -0.3509186 0.8946144
0.3017998 -0.7496691 0.5889933
0.6430477 0.6742560 -0.3631370
-0.4383759 -0.8440782 0.3088017
-0.7875878 0.5293965 -0.3153486
0.1026218 0.6561126 0.7476530
0.4351218 -0.0522525 0.8988541
0.8804180 -0.1941748 -0.4326203

