-0.3901020 -0.5453594 -0.7418919
-0.3729061 0.2355082 -0.8974837
0.5469664 0.5399722 0.6397326
0.5534660 0.8266733 -0.1014231
-0.3582603 -0.5959006 0.7187155
0.0378743 -0.9745145 -0.221104
0.2508588 -0.1331512 0.9588225
0.3660416 -0.7992461 0.4766752
0.3661865 -0.3489660 -0.8626298
0.9409292 0.1616032 -0.2975512
-0.2254738 0.8670183 -0.4443432
0.3918928 0.4386312 -0.8087167
-0.9229691 -0.0110254 -0.3847162
-0.7786934 0.6237932 0.0672213
0.7532832 -0.6148606 -0.2334756
0.8910651 -0.1403946 0.4316161
-0.6828637 -0.7305242 0.0056181
-0.1071490 0.9184893 0.3806528
-0.8919386 -0.0678066 0.4470434
-0.3631210 0.3477680 0.8644076

