-0.8647088 -0.4864159 -0.1252128
0.7000403 -0.6884168 -0.1898048
0.7644016 -0.3553363 0.5379835
0.2364167 -0.8916659 0.3860557
-0.5180380 -0.3268390 -0.7904511
-0.3908872 0.2150524 0.8949635
-0.9282165 0.1064937 0.3564733
0.3939971 0.0837853 -0.9152848
-0.5521837 -0.5994381 0.5794542
-0.1983162 0.9367615 -0.2883551
0.1818672 -0.6320763 -0.7532621
0.8664903 0.4064239 0.2898519
0.9278440 0.0224511 -0.3722921
-0.5306568 0.7594453 0.3763591
-0.2488666 -0.9469800 -0.2032098
-0.2951489 0.4244647 -0.8559888
0.3607296 0.3507101 0.8642202
0.5293442 0.7260101 -0.4389807
0.2196548 0.9073850 0.3583354
0.1044292 -0.3663502 0.9245983
-0.8878034 0.2316392 -0.3976787

