-0.8986283 -0.4264015 -0.1031940
0.6764876 -0.7363763 -0.0106961
0.8795067 -0.1718380 0.4437787
0.0509640 -0.9349033 0.3512242
-0.4563998 -0.2990627 -0.8380100
-0.3035517 0.0447059 0.9517656
-0.8908007 0.2312676 0.3911386
0.2966226 0.0075701 -0.9549648
-0.5856535 -0.5640294 0.5821347
0.2542452 0.9572986 0.1376181
0.2890070 -0.6924744 -0.6610250
0.8651789 0.4933141 0.0900372
0.8920539 -0.0883 -0.4432189
-0.4687950 0.8724323 -0.1381776
-0.3394685 -0.8955407 -0.2876943
-0.2586129 0.5309106 -0.8070027
0.4286004 0.4249562 0.7973167
0.4617144 0.6836103 -0.5652404
-0.3126842 0.7252857 0.6133427
0.2917169 -0.4206166 0.8590594
-0.8730192 0.2643093 -0.4098514

