-0.2937491 -0.7238878 0.6242579
0.9229977 -0.3706629 -0.1033652
-0.9332929 -0.2099683 -0.2913377
0.3398338 -0.0300148 0.9400065
-0.3884716 -0.0248264 0.9211262
0.8933728 0.3829600 -0.2350037
-0.1865308 0.8449350 -0.5012894
-0.8532391 -0.2979075 0.4280586
-0.7964190 0.4398663 0.4150114
-0.4101808 0.2581365 -0.8747098
0.4046030 0.5091385 -0.7596542
0.7814150 0.3667868 0.5048346
0.4429624 -0.6968040 -0.5641352
-0.803279 0.5060171 -0.3141489
-0.4061679 -0.5361448 -0.7399840
0.1204696 -0.9924090 0.0247271
-0.2915052 0.9323413 0.2139263
0.5396399 -0.6264423 0.5624578
0.0039228 0.6051006 0.7961394
0.1853194 -0.1511958 -0.9709771
0.4187990 0.9063169 0.0565424
-0.5950189 -0.8028768 -0.0366235

