0.9198298 0.1311555 0.3697450
0.4329495 -0.0404813 0.9005087
-0.2568126 -0.6838278 -0.6829545
0.4596509 -0.4098171 -0.7878902
-0.3078955 -0.9307686 0.1971552
0.3093756 -0.9271139 -0.2115338
0.2295619 0.7491045 -0.6214047
0.6703278 0.7413262 0.0331065
0.0126070 0.1445081 -0.9894233
-0.0770203 0.9951360 0.0614187
-0.1589331 -0.5545768 0.8168138
-0.8210820 -0.5446072 -0.1709603
-0.6644765 -0.0280187 -0.7467838
0.5317134 -0.6901632 0.4908723
-0.8082449 -0.2374881 0.5388316
-0.6255313 0.6556448 0.4228955
0.8068431 0.2387051 -0.5403925
0.2563607 0.6815635 0.6853833
-0.5308813 0.6915678 -0.4897949
-0.3121707 0.2132088 0.9257924
0.9013623 -0.4121922 -0.1328294
-0.9732631 0.2206078 -0.0639613

