0.0178880 0.9869969 0.1597411
0.3124874 -0.9416116 -0.1253760
0.4641969 0.8003386 -0.3794462
-0.7659876 -0.3944883 -0.5075844
-0.9764492 -0.1662072 0.1375576
-0.5066002 -0.8616847 -0.0292516
0.9055602 0.0309957 0.4230839
0.9283194 0.2653856 -0.2603719
-0.8237279 0.3199402 -0.4680926
-0.4742348 0.3727424 0.7975992
0.1563542 -0.2837903 0.9460531
0.4492561 0.2373012 -0.8613112
0.4964616 -0.4707531 -0.7293267
-0.1587664 -0.7449900 -0.6479067
-0.6714988 0.7238743 0.1584151
-0.21645 0.7346891 -0.6429474
0.6547645 0.6925315 0.3027929
0.2750442 0.4238833 0.8629448
-0.5813581 -0.3479628 0.7354894
0.6060264 -0.6180515 0.5007437
0.8889504 -0.4385180 -0.1321705
-0.0767834 -0.8325804 0.5485565
-0.2784859 -0.0786105 -0.9572179

