0.6029270 0.4715945 -0.6434887
0.2941221 -0.8156574 -0.4981919
0.9871679 0.1536366 -0.0435351
-0.0111727 0.9471060 0.3207262
-0.4202341 -0.4217438 -0.8034522
0.2171389 -0.1260399 -0.9679693
-0.5365641 -0.6561373 0.5306438
0.1645999 -0.9322426 0.3222276
-0.6389369 0.7558701 -0.1428983
0.6521061 0.7351145 0.1853762
-0.2484319 0.4369505 -0.8644974
-0.5398028 0.5790337 0.6110098
-0.3860784 -0.0672238 0.9200133
-0.8769789 -0.4588347 -0.1427539
-0.8404526 0.1714979 -0.5140310
0.2479872 -0.4388302 0.8636726
-0.9463993 0.0807535 0.3127416
-0.3428120 -0.9166297 -0.2055963
0.7839778 -0.3055144 -0.5404070
0.7631243 0.0409854 0.6449508
0.0818656 0.9104557 -0.4054239
0.2074901 0.4406138 0.8733884
0.7852130 -0.5909901 0.1848548

