-0.0632980 0.9868521 0.1487158
0.3669709 -0.9186229 -0.1465072
0.4856389 0.8325426 -0.2665104
-0.7559933 -0.3519616 -0.5519032
-0.9905066 -0.1199483 0.0671493
-0.6243222 -0.7810722 -0.0121704
0.9437128 -0.1609486 0.2889666
0.9232011 0.2828773 -0.2601541
-0.7736668 0.3516846 -0.5270271
-0.5366398 0.2739788 0.7980936
0.5642928 0.0982983 0.8197018
0.4795139 0.2736843 -0.8337645
0.3307157 -0.4233766 -0.8434331
-0.2074096 -0.7873860 -0.5805209
-0.7242312 0.6663765 0.1772894
-0.1311362 0.7573141 -0.6397489
0.7296223 0.5891683 0.3471773
0.1093362 0.6363500 0.7636126
-0.6500635 -0.4259675 0.6292608
0.4995775 -0.5780087 0.6452351
0.8385910 -0.4084095 -0.3605091
-0.1106615 -0.8783963 0.4649451
-0.2625206 -0.0678563 -0.9625375
-0.0399275 -0.2238521 0.9738049

