-0.2630931 -0.8887963 -0.3752641
0.3451175 0.0512297 0.9371603
0.4856428 -0.7600956 -0.4317473
0.0011892 -0.4097838 -0.9121819
-0.7082295 -0.3716691 -0.6002275
-0.3431387 0.2223090 -0.9125977
0.8553656 0.4421781 -0.2698671
0.2846051 0.5503667 -0.7849181
-0.3123904 0.9084357 0.2777711
0.9454204 -0.3042252 -0.1167360
0.3477538 0.9294700 -0.1230964
-0.9566197 -0.2828475 0.0698282
-0.2662331 0.4220126 0.8666171
-0.0196752 -0.5609757 0.8275984
0.8738815 0.2423962 0.4213967
0.6905862 -0.4928279 0.5293500
-0.5150222 -0.8046394 0.2954786
0.6276080 -0.0824933 -0.7741466
-0.3397376 0.8321050 -0.4383830
0.3696755 0.7329963 0.5710135
-0.8380615 0.4224635 0.345221
0.2310669 -0.9485608 0.2164268
-0.8636865 0.3428074 -0.3694979
-0.6306058 -0.1895694 0.7525953

