0.2238812 -0.9649168 0.1371596
-0.2779845 0.1377587 -0.9506562
0.4777266 -0.7526447 -0.4531039
-0.1664656 -0.9029781 -0.3961310
0.5704762 -0.5924216 0.5688528
-0.9440179 0.1904576 0.2693625
-0.9396544 -0.1657362 -0.2993011
-0.7004536 -0.3656169 0.6129348
0.6174433 0.0038541 -0.7866060
0.7901397 0.5101111 0.3398028
0.1624691 0.6146073 -0.7719208
-0.6412179 -0.7653235 0.0558529
-0.5447408 0.2534141 0.7993990
-0.5163920 -0.4487373 -0.7293656
0.5484693 0.7975254 -0.2512662
-0.2611818 0.9066443 -0.3313309
0.9406467 0.2330471 -0.2467241
0.5894998 0.0493803 0.8062578
-0.4903553 0.7789955 0.3907911
-0.0590998 -0.1611084 0.9851656
-0.8115449 0.4922968 -0.3147042
0.0737522 0.4866152 0.8704977
0.2369779 0.8996378 0.3667333
-0.1429633 -0.7422991 0.6546400
0.9105346 -0.4114634 -0.0403067

