-0.1505942 -0.3647675 -0.9188395
-0.3399951 0.1697216 0.9249853
0.4801534 0.2264874 0.8474410
0.7301465 -0.4858302 0.4804739
0.1654778 0.7605692 -0.6278149
0.1757648 -0.4120458 0.8940498
0.0061350 0.7297854 0.6836488
-0.7408133 -0.6691615 0.0584686
-0.7385518 -0.3650171 -0.5668366
0.4565911 -0.5692505 -0.6837240
0.411301 0.1295303 -0.9022491
0.7869539 0.4770861 -0.3912702
-0.9092420 -0.0137281 0.4160415
-0.3882085 0.2957909 -0.8728126
-0.0380909 -0.9297955 0.3661003
0.9269071 -0.2364451 -0.2914394
-0.0299695 0.9994001 0.0173587
-0.9510569 0.1900056 -0.2436979
-0.6561971 0.6558173 0.3732412
-0.5587942 0.7475223 -0.3591091
0.5107843 -0.8579305 -0.0552685
0.9410681 0.1616118 0.2971069
-0.1880186 -0.9069200 -0.3770214
0.5927408 0.7713898 0.2315514
-0.4962851 -0.5041696 0.7067631

