-0.4354370 -0.7915304 -0.4288056
-0.1608245 -0.9540824 0.2527098
-0.9148364 0.1325499 0.3814509
0.8292091 0.4917445 0.2657059
0.6666068 -0.5163847 -0.5375707
0.0565314 -0.5451812 -0.83641
-0.5063976 0.5418087 -0.6708240
-0.0851788 0.0836937 -0.9928444
0.7008351 0.0244440 0.7129044
0.1396300 0.6512415 -0.7459142
0.5748634 0.7725964 -0.2694937
0.9948041 -0.0471453 -0.0902338
-0.9553458 0.1060145 -0.2758176
0.7252754 -0.6811320 0.1001745
-0.8592944 -0.5057805 0.0761525
-0.0365857 0.9912719 -0.1266547
0.2000914 -0.9273669 -0.3161550
-0.4395559 -0.4379288 0.7842251
-0.6241301 -0.2215552 -0.7492496
0.3175142 0.7339657 0.6003991
-0.4636013 0.2894400 0.8374356
-0.3243435 0.8209319 0.4699703
0.5703542 0.0945069 -0.8159440
-0.7268184 0.6853496 -0.0450653
0.3845773 -0.6034567 0.6985272
0.0965502 -0.0242989 0.9950315

