0.0896443 0.8121501 0.5765207
-0.4844493 -0.6138246 0.6233203
0.2109668 -0.8538736 0.4758076
-0.7840905 -0.6201067 0.0258814
0.8123994 0.4220113 -0.4023851
0.9895867 -0.1409032 0.0294015
0.0832403 -0.3527142 0.9320213
0.8087553 0.4333959 0.3975963
0.7186557 -0.3315033 0.6112607
0.1812395 0.7378291 -0.6502003
0.4540618 0.8909385 -0.0075110
0.3416436 0.2791976 0.8974009
-0.2675737 0.9581978 -0.1012982
-0.1339430 -0.9871184 -0.0875021
0.3270053 0.1276318 -0.9363641
-0.4124206 0.1243172 0.9024713
-0.9209442 -0.0251300 0.3888834
-0.3035345 -0.0893640 -0.9486205
-0.8536035 0.5114618 -0.0988327
-0.5666653 0.6484523 0.5083307
0.6145220 -0.7842119 -0.0858745
-0.4790820 -0.6449549 -0.5954104
0.1988049 -0.6688936 -0.7162806
-0.8931881 -0.0740879 -0.443538
0.7504178 -0.2847653 -0.5964745
-0.4779081 0.5292379 -0.7010785

