0.6065720 0.5605116 0.5638236
-0.7280649 -0.1314349 -0.6727900
-0.6561273 -0.7031819 -0.2739200
0.4449968 -0.6780166 -0.5850396
0.9429552 0.3136594 -0.1115943
-0.1493834 -0.5206449 0.8406030
0.0457402 0.9016584 -0.4300231
0.1426628 -0.9239499 0.3549139
-0.9263066 -0.3203047 0.1983960
0.5814987 0.5417672 -0.6069165
0.5452316 -0.5174525 0.6595191
0.7618683 -0.6477089 0.0054738
0.2263649 -0.1921875 -0.9548942
-0.2459589 -0.5945096 -0.7655472
-0.6214235 0.6737449 -0.3998759
-0.6023815 0.0917336 0.7929196
-0.9435510 0.3236058 0.0706453
-0.0939034 0.3816830 -0.9195109
0.3558813 0.0408517 0.9336379
0.8931177 -0.0123646 0.4496530
-0.5663342 0.6883573 0.4532437
-0.4939057 -0.7964849 0.3488108
-0.0452919 -0.9627104 -0.2667159
-0.0099235 0.6011953 0.7990405
0.7856835 -0.1144418 -0.6079511
-0.0259937 0.9730878 0.2289637
0.5558165 0.8309271 -0.0250615

