0.3506817 0.5865491 0.7300565
0.8159388 -0.3666485 0.4470041
0.5105604 0.8553730 0.0875505
-0.2230965 -0.3772904 0.8988214
-0.2546489 0.3236467 0.9112666
-0.4724755 -0.7905185 0.3896761
-0.7404534 -0.1636924 -0.6518693
-0.4614398 -0.7694457 -0.4416182
0.6113756 -0.1922214 -0.7676398
0.7459257 0.4955830 -0.4449633
-0.8997147 -0.4363586 -0.0102307
-0.4606061 0.4489021 -0.7657211
0.2744356 -0.7618420 0.5867555
0.9754119 -0.1002595 -0.1962643
-0.1315605 0.9257719 0.3544550
-0.9591857 0.2495532 -0.1329890
-0.7088162 0.5437143 0.4493932
-0.5498565 0.8124831 -0.1937243
0.6727703 -0.7275246 -0.1344917
0.2046570 -0.7291263 -0.6530623
0.0395681 -0.9991442 -0.0120518
0.8781294 0.3230451 0.3528890
-0.7988443 -0.1204142 0.5893625
0.0821954 0.8920926 -0.4443137
-0.1346425 -0.2227328 -0.9655369
0.2237416 0.3768056 -0.8988644
0.4085751 -0.0715537 0.9099156

