-0.7733878 -0.5676510 -0.2822122
0.3221505 0.6928950 -0.6450702
-0.6699089 -0.1399358 -0.7291365
0.9421020 -0.0105474 0.3351606
-0.3513097 0.8932452 0.2805252
-0.2780782 -0.6969408 -0.6610189
0.3043080 -0.8767934 -0.3723305
0.9044103 0.1783577 -0.3875959
-0.3642904 -0.9278753 0.0796239
0.5748642 -0.2216566 0.7876544
0.2449623 -0.9394162 0.2397720
-0.4879358 -0.4724554 0.7339650
0.1166145 -0.6366754 0.7622634
0.2762874 -0.4687637 -0.8390029
-0.0686872 0.5561123 0.8282640
0.3142800 0.9295671 0.1926993
-0.9045146 -0.3252898 0.2757534
0.7803240 -0.6018870 0.1697837
-0.4462745 0.5079167 -0.7367901
0.5823619 0.3986067 0.7084965
0.8265750 0.5530689 0.1043483
-0.0002271 -0.0764572 0.9970728
-0.9757606 0.0660196 -0.2086448
-0.1079504 -0.0032452 -0.9941510
-0.8190461 0.2635989 0.5095872
-0.7373918 0.6564511 -0.1591393
0.5024064 0.1088944 -0.8577469
0.7744221 -0.4287241 -0.4652592

