0.3704414 -0.5666781 0.7359681
0.8331369 0.5446534 0.0961021
-0.9846776 -0.0202652 0.1732034
0.2772538 -0.2664706 -0.9231055
-0.2937167 -0.5404647 0.7884341
0.0724936 0.0288269 0.9969522
0.2213804 -0.8885724 -0.4017832
-0.0056424 -0.9590493 0.2831829
0.2644109 0.9259345 0.2696892
-0.2869980 -0.5554152 -0.7804781
-0.3225913 0.9465072 -0.0076744
0.3843162 0.8353053 -0.3931490
-0.4515738 0.0957258 -0.8870838
-0.2870144 0.7307147 -0.6194181
0.7348281 -0.4555781 -0.5024701
0.7834622 0.2557920 -0.5663545
0.4890309 0.4902445 0.7214632
-0.4595338 -0.8619444 -0.2141973
-0.2017547 0.6467177 0.7355618
-0.7335249 -0.6024837 0.3145705
-0.6192374 0.0559105 0.7832108
0.2046502 0.3792108 -0.9023954
0.9941249 -0.1081976 0.0029844
-0.8331964 0.4181268 -0.3618754
0.6681702 -0.7294710 0.1463577
0.7832736 -0.0793374 0.6165939
-0.7436437 0.5826689 0.3278582
-0.8497960 -0.3031703 -0.4312013

