-0.5345735 0.6970182 0.4779089
0.0875915 -0.9309519 -0.3544804
0.4876002 -0.765596 0.4196532
-0.1613960 0.7540525 -0.6366758
0.4228881 0.5644224 -0.7089379
0.2607579 0.9400866 -0.2196419
-0.7481716 0.1316841 0.6503065
0.6135147 0.7366003 0.2846396
0.8538893 0.1551240 0.4967994
-0.5814527 -0.8106564 -0.0689131
0.5862019 -0.5934863 -0.5514901
0.9034799 0.3570843 -0.2370967
-0.4215350 -0.6390959 -0.6433231
-0.5918581 -0.4720738 0.6533378
-0.8243870 -0.1251345 -0.5520212
0.0258234 -0.3085728 -0.9508501
-0.0799733 -0.9612444 0.2638437
0.1849422 0.5246788 0.8309685
-0.9356461 -0.3238622 0.1402841
0.6529408 -0.0126808 -0.7573028
-0.0034327 -0.6256983 0.7800576
-0.2224288 -0.0036530 0.9749421
-0.9377513 0.3402355 0.0697304
0.4115109 -0.1663564 0.8960939
0.8840114 -0.4674654 -0.0001835
-0.3959830 0.9140864 -0.0874274
-0.7089724 0.5081115 -0.4890612
-0.3366845 0.2298392 -0.9131361
0.0297126 0.9314336 0.3626962

