-0.9641498 0.1411537 0.2247017
-0.7914242 -0.5128115 0.3326741
0.6795248 -0.6692249 -0.3006395
0.7029183 0.3136349 0.6383879
0.8921478 -0.0787424 -0.4448279
-0.5718513 0.5722016 0.5878533
-0.5955283 -0.0682056 0.8004336
-0.7384821 0.6674232 -0.0958668
0.5351561 -0.2886445 0.7939095
-0.5404097 -0.7883931 -0.2939280
-0.0971934 -0.5318509 0.841242
-0.4508503 -0.3090617 -0.8373858
0.0408178 -0.7097600 -0.7032600
-0.0839563 0.2429730 -0.9663930
-0.7161586 0.2901433 -0.6347706
0.0513270 0.6866512 0.7251728
0.4855494 0.8279978 0.2804665
-0.2370095 0.7766118 -0.5836957
-0.9199052 -0.2415290 -0.3089308
0.9424354 -0.2422815 0.2304673
0.0309900 0.1228803 0.9919375
0.9011809 0.4306920 -0.0487587
-0.1873667 0.9753930 0.1161987
0.3548233 0.8704093 -0.3413035
0.1209611 -0.9836773 -0.1332193
0.3988042 -0.2325917 -0.8870492
0.5329780 0.4200619 -0.7344947
-0.2688456 -0.8926773 0.3617308
0.4821579 -0.7862844 0.3863686

