-0.0283495 -0.8052455 -0.5922634
-0.2777420 0.5004166 0.8200259
-0.6050035 -0.4473955 0.6586410
0.2659102 -0.3688393 0.8906455
-0.4335143 0.2865963 -0.8543582
0.3475436 0.7318191 0.5862203
0.9601045 -0.0245501 -0.2785616
-0.3086923 -0.8761688 0.3701856
-0.6204983 -0.6301538 -0.4667848
-0.7639919 0.1267716 0.6326495
0.6417608 0.1157289 -0.7581226
0.9190750 0.2953769 0.2608709
0.1014092 0.0716958 -0.9922580
-0.9674691 0.2379736 0.0858608
-0.7189858 0.5869082 -0.3722877
0.3904079 -0.7877460 0.4764849
-0.2483042 -0.0852330 0.9649251
0.5094759 0.8569395 -0.0780319
-0.1397193 0.9628821 0.2309472
-0.9101064 -0.0929327 -0.4038191
-0.1408727 0.9084228 -0.3936025
0.3428515 0.2186389 0.9135918
0.3906404 -0.4256605 -0.8162189
-0.8607865 -0.4968912 0.1102077
0.7446995 -0.6467280 -0.1648197
0.1076278 -0.9933998 -0.0396627
-0.6562740 0.6654498 0.3556416
0.7607508 -0.1842715 0.6223361
-0.3367018 -0.3121070 -0.8883812
0.2755345 0.5979814 -0.7526613

