-0.8135480 0.4686913 0.3441920
0.3099155 0.6047949 -0.7336045
0.4142534 0.3694844 0.8317905
0.9828343 -0.1810002 -0.0357178
-0.3211596 0.5524242 -0.76921
0.0119288 -0.1165510 0.9931131
-0.8695227 0.2281736 -0.4380264
-0.3413125 -0.8771555 -0.3377927
-0.2653928 0.4694109 0.8421521
-0.0153834 -0.5710578 -0.8207657
-0.2848327 0.8879164 0.3612129
0.8774013 0.3776481 0.2958866
0.2683345 0.0094249 -0.9632797
0.3281024 -0.8851700 -0.3298832
0.0223290 0.9697479 -0.2430854
0.6729132 -0.4240291 -0.6061247
-0.9863123 -0.1167340 0.1164524
-0.6811139 -0.0585426 0.7298333
0.3134596 -0.6322699 0.7085040
0.6490527 0.7406188 -0.1738232
-0.0197680 -0.9698769 0.2427922
-0.6091815 0.7644439 -0.2110057
0.3465485 0.8441384 0.4090653
0.7485010 -0.1722121 0.6403821
0.8219894 0.2145843 -0.5275291
0.6851403 -0.7093343 0.1656129
-0.3549363 -0.6063141 0.7116203
-0.7031780 -0.6862556 0.1859947
-0.4172622 -0.0646637 -0.9064827
-0.7665474 -0.4259799 -0.4805686

