0.2988454 0.6940027 0.6550204
-0.1849023 0.3880643 -0.9028938
0.6346645 0.7678247 0.0874430
-0.5486188 -0.1511818 -0.8222904
-0.1364000 -0.9785019 -0.1546904
-0.5419535 -0.6635536 -0.5157354
0.0716981 0.9819081 0.1752593
0.7089501 0.2631865 0.6543108
-0.9095543 0.3199069 0.2652746
-0.6059592 0.0380291 0.7945862
0.1291490 -0.4693285 0.8735281
-0.3213769 0.6038524 0.7294376
0.9695740 -0.0655435 0.2358610
-0.5502620 0.8153336 0.1801193
-0.2639976 0.8855861 -0.3821552
0.4788898 0.6353328 -0.6058191
-0.7840504 0.5474159 -0.2925763
0.2341951 -0.8791875 0.4149482
0.5861269 -0.0905772 -0.8051404
0.900056 -0.3011797 -0.3149444
0.7684293 -0.6175014 0.1679537
-0.8810857 -0.2880850 0.3750934
0.0483110 -0.7225400 -0.6896390
0.9229576 0.3138867 -0.2227653
-0.9314138 -0.0508604 -0.3603908
-0.6103110 -0.7758712 0.1598263
0.6654345 -0.3261527 0.6714323
0.4385296 -0.8605317 -0.2591850
0.0193691 -0.1992486 -0.9797575
0.1647690 0.1324441 0.9773995
-0.4351800 -0.5548472 0.7090578

