0.5405403 -0.0310185 0.8407461
0.0111297 -0.3077365 -0.9514065
-0.9416421 -0.1003160 0.3213206
-0.5965675 -0.6308984 0.4960589
0.8411420 -0.5364709 -0.0684035
-0.0033816 0.3117607 0.9501546
0.5189718 0.0583939 -0.8527945
-0.5900957 0.5199806 0.6175817
0.0040262 -0.3936442 0.9192541
-0.8547576 0.5167494 0.0485753
0.3264794 -0.9388102 -0.1097570
-0.7848639 -0.5819539 -0.2128812
0.0432782 -0.8625398 0.5041351
-0.5820497 -0.1923606 -0.7900731
-0.1996582 -0.7771257 -0.5968352
0.5307246 0.6212233 -0.5765527
-0.6218743 0.5152118 -0.5897704
0.5749222 0.5686106 0.5883421
-0.0200451 0.8310392 0.5558525
-0.0939609 0.3385110 -0.9362594
-0.9460038 0.0117533 -0.3239425
0.9443139 -0.0044166 0.3290165
0.8386965 0.5445608 -0.0064613
0.3251765 0.9455352 0.0149462
-0.3794434 0.9250116 0.0193981
-0.0616086 0.8478548 -0.5266371
-0.3209536 -0.9470638 -0.0076747
0.5102697 -0.5844325 -0.6309228
0.9261605 0.0141357 -0.3768647
0.6106624 -0.5956913 0.5217694
-0.5408306 -0.0753388 0.8377508

