0.9843959 -0.0228442 0.1744787
-0.2879452 -0.9314674 0.2223870
-0.6105094 -0.2375368 -0.7555491
0.5897216 -0.7232794 -0.3592985
0.8985742 -0.2400638 -0.3673333
-0.5520157 -0.7310256 -0.4010988
-0.1501707 0.7046904 0.6934409
-0.7138983 -0.3672261 0.5962334
0.6790921 -0.0399439 0.7329655
-0.4204664 0.3889775 -0.8196978
0.4152880 0.6699261 0.6154144
0.8573495 0.3968053 -0.3278679
-0.2304255 -0.6405491 0.7325305
-0.1462907 -0.5928366 -0.7919241
-0.4391891 0.1004409 0.8927623
0.4193903 -0.3873463 -0.8210205
0.4236315 0.7748979 -0.4691158
0.3229836 0.3620777 -0.8744034
-0.9752916 0.0143098 0.2204574
-0.1410490 0.8201359 -0.5545108
0.3237353 -0.7201088 0.613709
0.1609391 -0.2831840 0.9454657
0.5647656 0.8208706 0.0849193
-0.0981450 0.9833542 0.1529118
-0.8672290 0.2637341 -0.4223247
-0.5859343 0.7880852 -0.1886869
0.1510832 0.2875490 0.9457745
-0.0979334 -0.0586735 -0.9934619
-0.8371852 -0.5429875 0.0654642
0.7494783 -0.6292345 0.2057821
0.0492019 -0.9332930 -0.3557294
-0.6973023 0.6071863 0.3809125

