0.5155013 -0.1822441 -0.8372846
0.2316255 0.9302984 -0.2844197
0.6006164 -0.1087346 0.7921090
0.8270227 -0.4908075 -0.2741195
0.2493346 0.9008518 0.3553847
0.2140968 -0.6986754 0.6826531
-0.5156904 0.1821439 0.8371900
-0.7623218 -0.6434909 0.0691734
-0.6902532 -0.4756570 -0.5452531
0.3539598 -0.9349594 0.0237357
0.3261200 -0.7412157 -0.5867240
0.4756121 0.5187875 -0.7103891
-0.9794981 -0.0195412 -0.2005035
-0.7488710 0.5573569 -0.3585324
-0.4756998 -0.5187482 0.7103590
0.8958344 0.1282610 -0.4254761
-0.3266458 0.7409246 0.5867992
-0.6009757 0.1090604 -0.7917917
-0.8269893 0.4908857 0.2740803
-0.3538436 0.9350076 -0.0235700
0.7488022 -0.5572407 0.3588566
0.6897806 0.4761262 0.5454416
-0.2499913 -0.9007299 -0.3552322
0.7622909 0.6435491 -0.0689716
-0.8958696 -0.1279252 0.4255029
0.0064575 0.1785544 -0.9839088
-0.1501668 -0.4354559 -0.8875968
-0.2141433 0.6990403 -0.6822648
0.9794475 0.0197308 0.2007320
0.1495440 0.4355366 0.8876624
-0.0069093 -0.1783074 0.9839506
-0.2312706 -0.9303221 0.2846309

