0.0468904 -0.3161472 0.9475506
-0.9866048 0.1621072 -0.0182281
-0.3194889 -0.4326714 -0.8430435
0.9428140 0.3315942 -0.0338666
0.0971454 -0.9874393 -0.1246048
0.9645796 -0.2079605 0.1622916
0.332009 0.1950511 0.9228895
0.1234166 -0.7491412 -0.6508117
0.2054010 -0.1418202 -0.9683478
-0.5343276 -0.8418364 0.0761938
0.4125773 -0.8469135 0.3354362
0.2146433 0.5249820 -0.8236032
0.6209872 0.7695088 0.1491010
-0.2402245 0.7950718 -0.5569138
0.1197349 0.9914130 -0.0525713
-0.1156518 -0.8052707 0.5815185
-0.9044122 -0.4052803 0.1333661
-0.4315758 0.1585073 -0.8880415
0.6268677 -0.3851094 0.6772944
-0.6102942 -0.4920780 0.6208061
-0.2099009 0.8672778 0.4514099
0.6445320 0.6448890 -0.4107270
0.3152174 0.7066385 0.6334825
-0.5200167 0.8525679 -0.0520640
-0.3534253 0.2325874 0.9060870
0.6174667 -0.4494753 -0.6455283
-0.7265957 0.5013788 -0.4697637
-0.7027934 0.5737154 0.4206329
-0.8348635 0.0309769 0.5495847
-0.7525790 -0.5008650 -0.4275035
0.8340032 0.0877235 -0.5447415
0.7897954 0.3209853 0.5226774
0.7280659 -0.6755815 -0.1162313

