0.6717039 -0.1740010 0.7200955
-0.6980437 0.4934068 0.5189265
-0.5793296 -0.4973388 -0.6457797
0.4505235 0.388671 -0.8037185
0.3076754 -0.9494123 -0.0628665
0.9554993 0.1674698 0.2428478
0.5305860 0.4806583 0.6981734
0.0658489 -0.7024094 -0.7087206
0.4580868 -0.2054484 -0.8648395
-0.1756151 -0.9078903 0.3806502
-0.2965667 -0.9204116 -0.2547366
-0.1222025 0.4713070 -0.8734622
0.6489610 0.7404306 0.1749635
-0.4300954 0.7777570 -0.4583798
0.1172092 0.9611862 0.2497661
0.0204108 -0.4863932 0.8735016
-0.7531608 -0.6553845 0.0567447
-0.1637305 -0.1449615 -0.9757963
0.8759392 -0.4619469 0.1390527
-0.9319995 -0.0598842 0.3574784
0.2042140 0.8963003 -0.3936272
0.7795417 0.5260763 -0.3399390
-0.4597550 0.0570011 0.8862145
-0.4469143 0.8851501 0.1295255
-0.1148112 0.6523635 0.7491597
0.9176597 -0.0610695 -0.3926465
-0.8859430 0.4487022 -0.1173515
-0.9494822 -0.1620930 -0.2687182
-0.5766102 -0.5016788 0.6448558
-0.6766166 0.1913599 -0.7110354
0.6487382 -0.6264580 -0.4320754
0.1488496 0.1007325 0.9837158
0.4526459 -0.7347190 0.5052719

