-0.6625508 -0.7201181 -0.2060493
-0.9194080 0.3809781 -0.0976962
0.5185453 0.5327258 0.6688154
0.0660852 -0.4087875 0.9102338
-0.8898990 -0.0327779 0.4549784
-0.2473566 -0.7515794 -0.6115089
0.9880695 0.0735063 -0.1353346
0.1636868 -0.9474167 -0.2749694
0.8789844 0.1126735 0.4633477
0.5118121 -0.0970364 0.8535996
0.2977821 -0.6395790 -0.7087062
0.2938690 -0.1274328 -0.947313
-0.2922297 -0.7145608 0.6356136
-0.1392677 -0.9736343 0.1806673
0.0850874 0.8543327 -0.5127142
0.7260247 0.6871748 0.0260580
0.1077851 0.4183526 -0.9018666
-0.3513475 0.9247474 0.1462777
0.2760939 -0.7872254 0.5514057
-0.9647625 -0.2552334 -0.0639477
-0.2972720 -0.2679236 -0.9164313
0.7659782 -0.4630389 0.4459512
-0.7389258 -0.5786132 0.3452471
-0.0547962 0.6444323 0.7626955
0.6737302 0.3583184 -0.6462937
0.2443909 0.9070560 0.3428156
-0.5204390 0.7478398 -0.4121637
-0.0068713 0.1271429 0.9918606
0.5753846 -0.8153176 0.0647290
-0.4588977 0.3129435 -0.8315524
-0.6318145 0.4944574 0.5969274
-0.4750094 -0.2324468 0.8487253
-0.7773271 -0.1739848 -0.6045593
0.7744919 -0.4959223 -0.3927129

