-0.3599933 -0.9263165 -0.1110973
0.2681846 0.9545983 0.1296887
0.8074077 0.2877249 0.5150798
0.7964343 -0.3285093 0.5077146
-0.9650091 -0.0089444 0.2620637
-0.8285492 -0.4879119 -0.2746783
-0.1707573 0.3585917 0.9177439
0.1955752 -0.9664784 0.1663428
0.9969810 -0.0766225 -0.0125678
0.3254718 0.6613751 0.6757597
-0.3236401 -0.6582139 -0.6797144
0.4352040 0.7754365 -0.4574885
0.3505480 -0.6505024 0.6737676
-0.0796868 -0.2957198 0.9519453
-0.0134235 0.6086452 -0.7933289
0.8403838 0.2774813 -0.4655740
0.4435154 0.1666142 -0.8806440
-0.2166214 0.9412825 -0.2589641
-0.6603283 -0.1282257 -0.7399491
-0.9436985 0.1719720 -0.2825930
-0.1674228 0.0363635 -0.9852143
0.7254094 -0.6882952 -0.0055585
-0.7464368 -0.5902914 0.3072265
0.4107154 0.0412531 0.9108299
0.7812393 0.6222969 0.0491091
-0.2570487 0.8616884 0.4375146
-0.7264614 0.6871640 0.0077127
-0.6859164 0.4416717 0.5783120
0.2220232 -0.4298018 -0.8752006
-0.578615 0.5248918 -0.6242541
-0.6187383 -0.1617554 0.7687640
0.2569375 -0.8616332 -0.4376887
-0.2597262 -0.7798346 0.5695615
0.7482160 -0.3723490 -0.5491165

