0.1955655 0.2088479 0.9581945
-0.1582538 -0.2782548 0.9473806
-0.7907927 -0.5972465 0.1339534
-0.0222783 -0.7514365 0.6594292
-0.7400872 0.4355568 0.5124072
-0.3378446 -0.9112441 0.2355740
0.4412693 -0.4731155 0.7625241
-0.8874378 0.2090114 -0.4108143
-0.8428907 -0.3705229 -0.3901897
-0.1399631 0.6001714 -0.7875307
0.6697061 -0.6772096 0.3047637
0.8927744 -0.3773771 -0.2460494
-0.5379659 -0.5703087 0.6207582
0.7264666 0.0033653 -0.6871935
0.3042587 0.7432322 0.5958460
-0.5053730 0.0933424 -0.8578376
-0.6538008 -0.0514801 0.7549134
0.8664762 0.3806250 0.3230228
0.2188815 0.9745212 -0.0489822
0.0957449 0.1370819 -0.9859216
0.9495577 0.2147792 -0.2284954
0.9319286 -0.1944870 0.3060783
-0.2578480 0.5132122 0.8186132
-0.3150987 0.8892099 -0.3316904
-0.2725695 -0.5777741 -0.7693393
0.2141809 -0.9598959 0.1809042
0.6727115 0.0311461 0.7392491
-0.4956233 -0.8174748 -0.2934150
0.7003675 0.6988364 -0.1453031
0.3486232 -0.3886851 -0.8528691
-0.9608109 -0.0654779 0.2693605
-0.7765457 0.6291932 -0.0330573
-0.3322070 0.8782863 0.3438775
0.4842598 0.5446809 -0.6847007
0.3691934 -0.8539325 -0.3667364

