0.3372614 -0.3782805 -0.8620665
-0.6954089 0.2061728 0.6884035
-0.5421884 -0.4237399 0.7255868
-0.7385546 0.5706767 -0.3589779
0.5119220 0.2295935 -0.8277818
-0.5096169 -0.8294516 0.2286935
0.4364005 0.7197508 0.5399198
0.7705347 -0.0308039 0.6366532
0.6194133 -0.6213506 0.4798444
-0.7372727 -0.5782848 -0.3493075
-0.9408243 0.2889127 0.1771415
0.3096211 -0.8145715 -0.4905182
0.8487569 0.3952327 -0.3512874
-0.615983 -0.0124987 -0.7876603
0.2713585 -0.3441642 0.8988412
-0.0435623 -0.7674037 0.6396826
-0.0173820 0.9653391 0.2604195
-0.2155376 0.9319606 -0.2915355
-0.2730674 -0.5365042 -0.798497
0.9873876 -0.1411726 0.0716662
0.8236663 -0.2301711 -0.5182615
-0.0479734 0.0648701 -0.9967399
0.3252950 0.2876198 0.9008096
-0.209097 0.0054913 0.9778795
0.271842 0.7263131 -0.6313249
-0.9480364 -0.0266142 -0.3170467
-0.2426369 -0.9218600 -0.3021614
-0.3016818 0.5507318 -0.7782561
-0.5899946 0.7666133 0.2533976
0.7310766 -0.6747482 -0.1012025
0.8623088 0.4406890 0.2494330
0.1969635 -0.9712031 0.1340521
0.4918319 0.8654387 -0.0954846
-0.2146384 0.6191220 0.7553928
-0.9081697 -0.3378189 0.2471967

