-0.4485262 -0.8796500 -0.1582404
0.0729028 -0.0075254 0.9973107
0.3579089 0.0285175 -0.9333209
-0.9207063 0.1002037 -0.3771725
0.7377710 -0.2821137 0.6132746
-0.6638348 -0.6769249 0.3179561
0.6803896 -0.6916771 0.2421833
-0.1152672 0.2613762 -0.9583298
0.3727802 -0.9022509 -0.2167446
-0.4971727 -0.5218718 -0.6931588
-0.3061120 0.9258302 -0.2216615
0.7054884 0.6564528 -0.2671252
0.7952764 -0.5477806 -0.2597535
-0.1174620 -0.2650562 -0.9570517
0.9900047 -0.1276123 0.0600477
0.6545594 0.3114336 0.6888839
0.3763692 0.5285217 -0.7609277
-0.5227163 0.4467623 0.7260655
0.1077535 0.6992767 0.7066833
0.5808742 0.7519273 0.3117540
-0.7181377 0.6139743 -0.3275878
-0.503823 -0.1197795 0.8554620
-0.9348831 0.3413724 0.0972550
0.3147179 -0.6660146 0.6762967
0.3417593 -0.5149711 -0.7861331
-0.5974737 0.3001993 -0.7435762
-0.2018258 0.7009349 -0.6840735
-0.0798447 -0.8305559 -0.5511821
0.2081235 0.8867793 -0.4126827
0.1033839 0.9877308 0.1170457
-0.0761967 -0.9601734 0.2688142
-0.8899454 -0.1370127 0.4349996
-0.2705218 -0.6167536 0.7392110
-0.8625521 -0.4367277 -0.2554853
0.8023076 -0.0026499 -0.5969049
-0.5809760 0.7859112 0.2116846

