0.4186002 0.4814354 -0.7700609
0.0920929 -0.5877661 -0.8037723
0.2118283 0.6063637 0.7664540
-0.4098840 -0.7680135 -0.4920877
0.6775726 0.6778691 -0.2852872
-0.2299556 -0.6755130 0.7005731
-0.3917103 -0.9135708 0.1093225
-0.8593876 -0.1117511 -0.4989637
0.6450171 -0.5923148 -0.482821
-0.4420477 0.8768975 -0.1887977
-0.1430480 0.9192548 0.3667532
0.7056353 0.2937349 0.6448245
0.1596821 -0.9328298 0.3230017
0.3556772 -0.5385794 0.7638232
0.8581427 0.1113591 -0.5011889
-0.9931617 0.0068035 0.1165487
-0.7347206 -0.4826114 0.4767304
-0.8262811 -0.5507739 -0.1179311
-0.5552753 0.3684824 -0.7455803
-0.8548846 0.4623152 -0.2354506
-0.4310899 -0.2834842 -0.8566202
0.9608537 -0.2683523 -0.0689005
-0.0401800 0.1358595 -0.9899130
-0.7027474 0.6259603 0.3381123
0.5205645 0.8020144 0.2928915
0.1650274 0.9691549 -0.1830431
0.9442672 0.3094034 0.1123783
-0.7579483 0.0915047 0.6458648
-0.3301552 0.4636083 0.8222316
0.1621086 -0.9435159 -0.2889610
-0.2861145 -0.1502757 0.9463380
0.4749328 -0.1460969 -0.8678102
0.2696948 0.0178536 0.9627803
-0.0996801 0.7325499 -0.6733755
0.6580328 -0.7412895 0.1322223
0.8113218 -0.2659614 0.5205973

