-0.2346243 -0.7074891 0.6666413
0.5168439 -0.7268469 -0.4522897
-0.1846284 0.9783107 -0.0939174
-0.8323947 -0.524714 0.1783095
-0.6195335 0.7411524 0.2585949
-0.1537091 -0.3064116 -0.9394070
0.2285365 0.8784431 -0.4196532
-0.4383969 -0.8754218 0.2035802
-0.1751713 0.7802874 0.6003887
0.2312492 0.4936328 -0.8383618
0.6890269 -0.3491706 0.6350762
0.7109101 -0.6726604 0.2052678
-0.2156297 0.7156534 -0.6643373
-0.2928011 -0.0831144 0.9525542
-0.6738676 -0.3388464 0.6565711
0.1613612 -0.3813972 0.9102191
-0.8265463 -0.4456601 -0.3438144
-0.6261648 0.7122107 -0.3172910
-0.2441002 0.2530416 -0.9361544
-0.0189076 -0.7495951 -0.6616266
0.2557137 -0.8296639 0.4962543
0.7663013 -0.1878080 -0.6144188
-0.9946746 -0.0032751 0.1030133
0.5979895 0.6496988 0.4693613
0.8897496 0.1168881 0.4412287
0.6051805 0.7946336 -0.0481037
0.4959665 0.0863481 0.8640378
0.9480192 -0.2924082 -0.1255269
0.2045080 0.9430260 0.2624469
-0.6169796 0.3243311 0.7170394
0.0301706 0.3451904 0.9380476
0.3551310 -0.0255369 -0.9344677
0.0521478 -0.9983382 0.0245231
-0.7373461 -0.0254977 -0.6750338
0.9462007 0.2650763 -0.1855771
-0.4509094 -0.8271807 -0.3353400
0.6474139 0.5581399 -0.5189750

