-0.9858773 0.0278620 0.1651350
0.7654228 0.2936896 0.5726032
-0.7597835 0.5121743 0.4005080
0.8275036 0.3782881 -0.4148925
-0.5836948 -0.7595006 -0.2871570
0.4084778 -0.8838399 0.2279757
-0.4152885 -0.5859835 0.6958152
0.7628454 -0.3834218 0.5206291
-0.0916924 -0.6866415 -0.7211906
0.3630652 0.7789062 -0.5113597
-0.2528334 -0.9254707 0.2820979
-0.5647710 -0.3460535 -0.7491867
-0.1062011 -0.0767487 -0.9913783
-0.8479440 0.4663685 -0.2519749
0.1989855 0.4138257 0.8883429
-0.1376360 -0.1563609 0.9780632
0.1949820 -0.6644832 0.7214181
0.1209642 0.9922429 -0.0286666
0.8491902 -0.5279397 -0.0124789
-0.9190235 -0.1883573 -0.3462908
-0.6119127 0.2677683 -0.7442198
-0.0466688 0.4913515 -0.8697101
0.9937288 0.0668887 0.089605
0.4381675 -0.1188080 0.8910073
-0.4850187 0.8738861 0.0328619
-0.7305242 -0.0951198 0.6762297
0.7244186 0.6882460 0.0391814
-0.3151851 0.8091383 -0.4959371
-0.1854615 0.8264806 0.5315392
0.4728274 0.2244566 -0.8520877
0.4962604 -0.7629343 -0.4143149
-0.8024915 -0.5579264 0.2114842
-0.0113348 -0.9754525 -0.2199178
0.8455359 -0.1999658 -0.4950583
0.3949986 0.7827471 0.4809190
0.3932781 -0.3648008 -0.8439506
-0.3920972 0.3643651 0.8446880

