0.3036331 0.2545165 -0.9181657
-0.0406970 0.7210359 -0.6917016
-0.4310097 -0.5356301 -0.7261756
-0.9400392 -0.3138398 0.1335326
0.9358734 -0.1789093 0.3035332
0.3933471 -0.8466435 0.3584312
-0.7531280 0.6571939 0.0299051
-0.4613887 -0.0398984 0.8863005
0.0178164 -0.8149698 -0.5792295
-0.7021147 -0.0694280 -0.7086711
-0.3752533 0.8846577 -0.2767050
-0.1173961 -0.1528423 -0.9812530
0.7493176 0.1301599 -0.6492931
0.0417963 -0.4938904 0.8685190
-0.5234226 -0.8479421 -0.0838028
0.5935937 0.6365305 -0.4924179
-0.9065502 0.1449689 0.3964224
-0.9728547 0.1380058 -0.1857636
-0.0636409 0.3539539 0.9330951
0.5487833 -0.7139996 -0.4347890
-0.6981629 0.5199358 -0.4921740
0.0387087 -0.9987123 -0.0327922
0.1035594 0.9924625 -0.0655254
0.9372193 -0.2113604 -0.2773929
-0.6734538 -0.4617851 0.5772473
-0.8120408 -0.4589577 -0.3604824
-0.3293730 0.9097641 0.2526712
0.7786314 -0.6260161 0.0428615
-0.3757449 0.3222000 -0.8689090
0.4762258 -0.3152770 -0.8208589
0.5910645 -0.4174207 0.6902193
0.1139014 0.8156856 0.5671715
-0.1941511 -0.8324255 0.5190117
-0.5869814 0.5246574 0.6165934
0.9223065 0.3721736 0.1041031
0.5906297 0.4397711 0.6765781
0.3654299 0.0160278 0.9307008
0.5573881 0.8031524 0.2103920

