0.4913010 -0.5745131 0.6546434
-0.1254672 -0.8040002 -0.5812414
-0.8359830 -0.0337964 -0.5477136
-0.553695 -0.6447687 0.5269679
0.2209088 -0.4345184 -0.8731512
0.8942174 -0.2342224 0.3814645
-0.3995574 0.3375869 -0.8522846
0.9797637 0.1226616 -0.1581683
0.7159901 -0.1502783 -0.6817438
-0.7488261 0.5224297 -0.4078316
0.8313191 0.3390796 0.4403788
-0.0040568 -0.4192903 0.9078431
0.4835434 -0.7445329 -0.4602787
0.6527133 0.4318513 -0.6224707
-0.1921827 0.7299588 0.6559161
0.2054115 0.1221128 -0.9710276
-0.9757583 0.2171803 0.0269895
0.5744719 -0.8039017 0.1540262
-0.3372731 -0.2355359 -0.9114657
0.8830194 -0.4344460 -0.1775766
-0.9067880 -0.4198054 -0.0387155
0.3700523 0.5228518 0.7679110
-0.4919974 -0.8705759 -0.0060099
-0.0755490 0.2177445 0.9730774
-0.6654746 0.3914922 0.6355135
-0.6299929 -0.5753018 -0.5216673
-0.8813091 -0.1416036 0.4508245
0.0727264 -0.9949666 -0.0689378
-0.0177280 -0.8701181 0.4925244
0.1046922 0.6380403 -0.7628526
0.3043193 0.9071043 -0.2907774
0.7664109 0.6386873 -0.0685048
-0.6656783 0.7287879 0.1604386
-0.4921003 -0.1437654 0.8585853
-0.1418232 0.9808340 0.1336067
-0.3056524 0.8592950 -0.4101082
0.3939560 0.8599104 0.3245810
0.5060792 -0.0328260 0.8618621

