0.7021206 0.4311349 -0.5667004
0.6531965 -0.6640314 0.3638634
-0.2393966 0.8494832 -0.4701783
-0.8123354 0.3509480 0.4657754
-0.4247538 -0.8263243 -0.3698275
-0.4572172 -0.0919020 -0.8845939
0.7012555 0.1985860 0.6846929
-0.4865720 0.8134382 0.3186942
0.2314690 0.1680318 0.9582210
0.8530630 0.4578743 0.2502693
0.0868481 -0.8767842 -0.4729767
-0.8561007 -0.1794446 0.4846558
0.4275941 -0.4190801 -0.8009589
-0.9981692 0.0585553 0.0151531
-0.4032660 0.4513696 0.7960163
0.0481177 -0.5461789 0.8362854
0.8983867 -0.4355014 -0.0569197
-0.1707720 0.4385767 -0.8823194
-0.8284163 0.5598183 -0.0181645
0.3205187 -0.9471965 -0.0093095
0.9530713 -0.0543123 0.2978343
0.0285128 -0.9045344 0.4254463
0.9683821 0.1693209 -0.1832118
0.5942942 -0.7032463 -0.3902039
-0.0905402 -0.5378340 -0.8381748
-0.2527891 -0.0741957 0.9646723
-0.7084844 -0.4273406 -0.5616314
0.5375806 -0.2920305 0.7910280
0.6564690 0.7401939 -0.1454697
0.4499652 0.8258541 0.3398475
-0.8496383 0.1691935 -0.499488
-0.0585531 0.9979622 0.0253561
-0.8894493 -0.4525346 -0.0639722
-0.5008051 -0.8358714 0.2247516
0.4229165 0.1037885 -0.9002053
0.2935533 0.8001896 -0.5229943
-0.4796875 -0.4856647 0.7307733
0.1162726 0.6587742 0.7433016
0.8236931 -0.2130111 -0.5255054

