-0.5008715 0.1729795 -0.8480601
0.7366123 -0.6709006 0.0854090
-0.1521598 0.6427449 -0.7508171
-0.2431507 -0.5624563 0.7902662
0.2002605 -0.9773626 -0.0682502
0.5046295 0.8620013 -0.0479872
0.1890647 0.3061719 0.9330130
-0.9782357 -0.0850871 0.1892485
-0.4138045 -0.8795672 -0.2347921
0.4153238 0.6953671 -0.5864902
-0.5774222 -0.4463031 -0.6836645
-0.7066139 -0.2054439 0.6771186
0.5371682 -0.7167241 -0.4446987
-0.1245075 -0.2770531 -0.9527536
0.9829376 -0.082001 0.1646497
-0.8535353 -0.4788398 -0.2054021
0.3000833 -0.7916734 0.5321684
0.8310493 0.4830196 0.2757700
0.1466744 0.2256191 -0.9631109
-0.7212652 0.3817418 0.5779703
0.4039685 0.7041688 0.5839141
0.2379767 -0.2877203 0.9276767
-0.6931250 -0.6478343 0.3160515
-0.2403978 0.6565195 0.7149763
-0.3053504 0.0592284 0.9503963
-0.2109339 -0.9234556 0.3205257
-0.8995833 0.4364903 0.0150393
0.6642604 0.1723493 -0.7273609
0.8826335 0.3872199 -0.2664934
-0.5240738 0.8353148 0.1661197
-0.0876589 0.9557163 -0.2809311
0.8936782 -0.2484448 -0.3736502
-0.6241149 0.6496506 -0.4340907
0.0187452 0.9606657 0.2770740
0.7076872 -0.3987759 0.5832295
0.4315330 -0.3376537 -0.8365221
-0.0221424 -0.7716073 -0.6357136
0.6889631 0.1413711 0.7108755
-0.8922196 0.0645718 -0.4469617

