0.6690022 -0.7406624 0.0620912
0.2155606 0.1481153 -0.9651919
-0.1603905 -0.9699337 -0.1830398
-0.7833364 0.6215469 -0.0079713
0.9101760 0.2659979 0.3175291
0.1449415 0.7532746 -0.6415367
0.5867313 0.5806567 0.5644326
-0.2222602 -0.3458510 0.9115852
0.3133396 -0.3509176 0.8824257
-0.4051982 0.9057700 0.1240769
-0.4334868 0.6173292 0.6565013
-0.6030703 -0.7869101 0.1306856
-0.6414040 0.5512459 -0.5335999
-0.3805135 -0.6997087 0.6046629
-0.2757667 0.2056210 0.9389743
-0.8260276 0.3589403 0.4345575
0.4326288 0.8782484 0.2037453
0.9575060 0.1451606 -0.2492201
0.5867510 0.7665336 -0.2610546
0.3511843 -0.4075902 -0.8429353
0.1989615 0.4639589 0.8632245
-0.2909216 0.4293353 -0.8550063
0.6107488 0.1176859 0.7830300
-0.8282968 -0.2876437 -0.4808176
-0.0051739 0.8681259 0.496317
-0.3867958 -0.2795593 -0.8787694
-0.6590680 0.1100491 -0.7439883
0.0402324 0.9971109 -0.0644299
0.5269447 -0.6634044 0.5312475
0.8788580 -0.2945594 0.3752911
-0.4305459 -0.7017983 -0.5675468
-0.9754175 -0.1954152 0.1018505
0.1758715 -0.8126999 -0.5555071
0.0853427 -0.9365137 0.3400864
0.7502621 -0.5031206 -0.4289248
-0.9296677 0.2317785 -0.2863507
0.7106050 -0.0557562 -0.7013785
0.6123789 0.4277261 -0.6648627
-0.2932891 0.8683480 -0.3999415
-0.7018791 -0.2550019 0.6650863

