0.9218202 -0.1575192 -0.3541684
0.9795586 0.0166723 0.2004669
0.8692786 0.3997911 -0.2907262
0.2475948 0.9090132 0.3352488
0.1572036 -0.306171 -0.938907
-0.9344088 -0.3561992 0.0015193
-0.6010647 0.7706148 -0.2118352
0.8143074 -0.5801104 -0.0193730
0.4128643 0.6512798 -0.6366928
-0.573556 -0.7417988 -0.3475169
0.3059056 -0.4286152 0.8501240
-0.3776504 0.0756532 -0.9228525
-0.2924914 0.9274494 0.2329943
-0.6837921 -0.4044605 0.6073220
0.7841239 0.5298509 0.3231220
0.5678817 -0.5322914 -0.6278346
-0.1166958 -0.9931668 -0.0013504
-0.3884421 -0.4596358 -0.7986537
0.0882900 0.1418013 0.9859499
-0.0000392 -0.8090275 -0.5877708
0.4009242 -0.8938091 -0.2009107
0.1328805 0.2772394 -0.9515677
-0.5234364 0.1929536 0.8299297
-0.2158728 0.6753530 -0.7051930
0.6296662 0.0808805 -0.7726440
-0.7059505 0.3760279 -0.6001974
0.6623748 0.0747242 0.7454368
0.5468673 0.8287059 -0.1190913
-0.2409345 -0.3104889 0.9195364
0.3751983 0.5590088 0.7394156
-0.9091189 0.0577858 0.4125090
-0.2022874 0.6455321 0.7364565
-0.0006541 0.9623825 -0.2716975
0.7508275 -0.4264078 0.5044150
-0.9575486 0.2672746 -0.1080048
0.3670017 -0.8487841 0.3806249
-0.8289992 -0.1903129 -0.5258720
-0.7183842 0.5864582 0.3741536
-0.5906697 -0.7778677 0.2145487
-0.1492624 -0.7884250 0.5967468

