-0.7904169 0.3749245 -0.4844304
-0.1769593 -0.9651082 -0.1930069
-0.2297229 0.8415797 0.4888466
-0.5623854 -0.5219363 0.6413308
-0.3936997 -0.3242673 -0.8601461
-0.0673935 0.1449745 0.9871375
0.4567350 -0.4794677 -0.7493356
0.7564083 0.1122607 0.6443943
0.8496189 -0.5260863 0.0371606
0.1789585 0.3267424 -0.9280158
-0.8927126 -0.4228659 -0.1557199
-0.8814376 0.2565170 0.3965687
0.8793522 0.2112496 -0.4267474
-0.1235758 0.9207068 -0.3701729
0.2978331 -0.6304189 0.7168455
0.5778882 0.8046701 0.1362031

