-0.6555865 0.5308973 -0.5369865
0.0701877 -0.9741756 -0.2146057
-0.4917181 0.7520499 0.4389012
-0.5813891 -0.1986141 0.7890115
-0.5548481 -0.3713765 -0.7444616
0.0909152 0.2524197 0.9633373
0.3708359 -0.4194250 -0.8285912
0.8192512 -0.0503891 0.5712167
0.8306583 -0.5497043 -0.0884990
0.1190924 0.3639440 -0.9237758
-0.6596098 -0.7448587 0.1005004
-0.9959411 0.0681302 0.0588185
0.8666797 0.3369259 -0.3678958
0.0695882 0.9588965 -0.2750907
0.1801772 -0.7180648 0.6722493
0.5236665 0.7587697 0.3873525

