0.4750408 -0.6409519 -0.6029236
0.3883282 -0.2728950 0.8801872
-0.3363142 0.9388519 -0.0738227
-0.867818 0.3920503 0.3052679
0.6504703 0.1858559 -0.7364414
0.5024747 0.8403934 -0.2031210
-0.2126519 -0.2626178 -0.9411754
-0.1052806 0.5763655 -0.8103819
-0.8291941 0.1939855 -0.5242202
-0.4531458 -0.0698473 0.8886958
-0.2820123 -0.8130172 0.5093840
-0.3121678 -0.8851107 -0.3451526
0.7131646 0.4576656 0.5309788
-0.9017481 -0.4262452 0.0718706
0.9888942 -0.1481071 -0.0123519
-0.0949409 0.6914427 0.7161656
0.5215973 -0.8219355 0.2288193

