-0.4406395 -0.6313684 0.6381307
-0.6017370 -0.1433694 -0.7857212
0.1871850 0.3472425 0.9189039
0.8453083 -0.4708964 -0.2524093
0.9104278 0.0645268 0.4086043
0.2513555 -0.9610638 0.1147897
0.1673185 0.1698586 -0.9711604
-0.5410495 -0.8110614 -0.2223617
-0.9911250 -0.1166290 0.0637875
0.8152368 0.3577108 -0.4554470
0.0462568 0.8666297 -0.4968030
0.3838986 -0.4737486 0.7925807
0.5098822 0.8242008 0.2464006
0.1693012 -0.6477438 -0.7428089
-0.7351294 0.5739833 -0.3607324
-0.6235673 0.1815500 0.7603969
-0.3606439 0.8663793 0.3454314

