0.3727499 0.6037636 0.7046468
0.7505303 0.6494305 -0.1222467
-0.3035508 -0.6811024 0.6663006
-0.1061991 -0.9928798 -0.0539586
0.2553991 -0.1673823 0.9522366
0.6161168 -0.7424296 0.2630560
0.4254995 0.1566635 -0.8912950
0.9382806 -0.1190655 -0.3247352
-0.1401508 0.721819 -0.6777426
-0.2217721 -0.3415643 -0.9133187
-0.7580949 0.1909586 -0.6235598
-0.8197986 0.5640487 0.0988903
0.4277281 -0.6918844 -0.5816739
0.8818753 0.0174560 0.4711595
-0.7584039 -0.5756054 -0.3057809
-0.0843714 0.9876074 0.1323369
-0.8932671 -0.1888377 0.4079390
-0.4056492 0.3328531 0.8512682

