0.3604567 0.821026 0.4427045
0.7672826 0.5834581 -0.2661842
-0.4077659 -0.6323725 0.6586593
-0.2299412 -0.9688437 -0.0920262
0.3222693 -0.3651411 0.8733925
0.5289626 -0.8154516 0.235026
0.4430277 0.1199571 -0.8884462
0.9426548 -0.2468204 -0.2246811
0.0089795 0.9225158 -0.3858548
-0.3241447 0.3710389 -0.8702071
-0.4434192 -0.4243542 -0.7894953
-0.881494 0.3744578 -0.2876624
0.3453286 -0.6797655 -0.6470448
0.8443709 0.1369443 0.5179614
-0.8947653 -0.4392886 -0.0801284
-0.4773732 0.8290043 0.2913189
-0.8133403 0.0999339 0.5731411
-0.0934651 0.3231283 0.9417284

