-0.8504412 0.5077351 0.1376768
-0.2646044 0.9249745 -0.2727758
-0.8069095 0.1486637 -0.5716609
-0.2767012 -0.3465440 -0.8962944
0.8080357 0.1146994 0.5778602
-0.2290078 0.8127915 0.5356542
0.3049525 -0.5164661 0.8001667
-0.5084871 -0.8094432 -0.2936710
0.5302988 0.8045908 0.2672394
-0.9543000 -0.2811936 0.1012010
-0.1379751 0.4347013 -0.8899425
-0.6225851 0.0075226 0.7825159
0.1228596 0.2406772 0.9627980
0.5199383 0.6784952 -0.5189493
-0.4023525 -0.7668251 0.5000918
0.4978364 -0.1606667 -0.8522588
0.7993598 -0.5735415 0.1790923
0.2883589 -0.8920774 -0.3479182
0.9715881 0.0965239 -0.216101

