0.4274257 0.1061525 0.8977967
-0.4721345 0.5855649 -0.6589406
0.4855301 -0.6165561 0.6197734
0.1548234 0.9784166 -0.1368600
-0.1418481 0.6693257 0.7293026
-0.6238375 0.7777918 0.0765945
-0.8369873 0.1770605 0.5177856
0.4754847 -0.8558473 -0.2035677
0.6664618 0.6371820 0.3870761
-0.8221490 -0.5437109 0.1686699
0.8524616 0.3886105 -0.3497014
-0.9174354 -0.0204195 -0.3973605
0.9682612 -0.2108519 0.1342082
0.5647005 -0.3271896 -0.7576677
-0.3240048 -0.8095683 -0.4895100
-0.3049130 -0.2761785 0.9114568
-0.1739290 -0.9246362 0.3388164
0.2700029 0.4617874 -0.8448970
-0.2571613 -0.1942985 -0.9466341

