-0.7890847 0.5554144 0.2624123
0.5411729 0.0242178 0.8405625
0.3805490 -0.1948037 -0.9040099
0.9551385 -0.1752708 0.2387271
0.7324536 -0.5800144 -0.3565038
-0.9905859 -0.0731726 -0.1156949
-0.3002027 0.9372857 -0.1771265
-0.6803204 0.4299775 -0.5935348
-0.4187315 -0.2293152 -0.8786799
0.7778306 0.5545068 0.2958069
0.1188568 0.8862909 0.4476176
0.2879001 -0.8860684 0.3633130
-0.6344603 -0.7149427 -0.2937976
0.4378101 0.8434523 -0.3113045
-0.6737324 -0.5842008 0.4525418
0.0406831 0.5000268 -0.8650538
-0.1377993 -0.3260590 0.9352523
-0.3111242 0.4141474 0.8553851
0.8563306 0.2251269 -0.4647751
0.0510861 -0.8014749 -0.5958425

