0.0092483 -0.1775217 -0.9840734
-0.5712130 -0.3264860 0.7530754
0.6375916 0.6175556 0.4605453
-0.1293540 0.8233155 0.5526473
-0.1133980 0.5798462 -0.8067957
0.1389134 -0.9080703 -0.3951094
-0.5518161 0.8197672 -0.1532345
0.6867636 -0.3747961 -0.6228031
-0.5554052 -0.5707130 -0.6048237
0.9965027 0.0834532 -0.0042446
0.6718423 -0.1323464 0.7287746
-0.7959468 0.3871735 0.4653658
0.6949821 -0.7063177 0.1345923
-0.7836360 0.1981043 -0.5887863
-0.9662974 -0.2550609 0.0348330
0.6497874 0.4211108 -0.6328049
0.2849177 0.9439989 -0.1663972
-0.4261285 -0.8912250 0.1553464
0.1263291 -0.7133813 0.6892953
-0.0130069 0.1750392 0.9844755

