-0.1376341 0.2559549 0.9568406
-0.4266376 -0.5508271 -0.7173353
-0.4959373 0.2921829 -0.8177257
0.4451517 0.6117939 0.6538717
0.7987549 0.6016381 -0.0047104
-0.1222912 -0.8147903 0.5667112
-0.0458031 -0.9832931 -0.1761726
0.3436942 -0.3150922 0.8846419
0.6864809 -0.6827444 0.2502081
0.6406287 0.3401636 -0.6883921
0.959057 -0.1597160 -0.2338813
0.1089392 0.8562313 -0.5049754
0.1168473 -0.1013957 -0.9879603
-0.9438042 -0.0515043 -0.3264673
-0.6815761 0.7053856 -0.1946413
0.4975307 -0.6271711 -0.5992659
0.8745513 0.0254010 0.4842674
-0.7478168 -0.6574335 0.0924724
-0.1188677 0.9480911 0.2949472
-0.6228067 -0.2691889 0.7346082
-0.7183518 0.4537773 0.5273109

