-0.0349452 -0.0018317 0.9993876
-0.3722119 -0.6623480 -0.6501949
-0.4787278 0.5890492 -0.6510306
0.3045391 0.6919536 0.6545656
0.6573619 0.7534318 -0.0146917
-0.3423045 -0.6504103 0.6780812
0.0215424 -0.9997329 0.0083697
0.4157313 -0.6294425 0.6564828
0.7728886 -0.6344166 -0.0125987
0.6761824 0.0570547 -0.7345217
0.9953099 0.0823489 -0.0507625
0.2701321 0.6963139 -0.6649629
-0.1055585 -0.0099623 -0.9943632
-0.8746021 -0.0749449 -0.4790140
-0.8493000 0.5275146 0.0204433
0.3839708 -0.6416027 -0.6640124
0.7413018 0.0632492 0.6681849
-0.7481235 -0.6632172 0.0213113
-0.1460778 0.9892503 0.0067215
-0.8502986 -0.0717649 0.5213848
-0.4468606 0.5850791 0.6767556

