0.1634283 0.2303773 0.9592797
-0.7267729 0.3018594 -0.6169944
0.986669 0.1617093 0.0182864
-0.9389790 -0.2703894 -0.2126220
-0.4629152 -0.7576931 -0.4600117
-0.5131537 -0.0338411 0.8576293
-0.2391022 -0.2095897 -0.9481046
0.1354896 0.9901566 -0.0351070
0.6224243 0.6355622 0.4567807
0.4732483 -0.0399012 -0.8800250
0.6618907 -0.6952492 0.2802306
-0.0214851 0.6917962 -0.7217731
0.2252489 -0.6979907 -0.6797587
-0.9218752 0.2268768 0.3141225
-0.6584265 -0.6383788 0.3986816
0.1459376 -0.5926046 0.7921628
0.6660681 0.5502180 -0.5036004
0.0385715 -0.9983794 0.0418434
-0.5946394 0.8039878 0.0027688
-0.1534266 0.7833741 0.6023166
0.7470524 -0.0831499 0.6595444
0.8235251 -0.4270500 -0.3734096

