0.2141775 0.1262860 0.9685968
-0.7935255 0.2006625 -0.5745014
0.9294781 0.3314970 -0.1618031
-0.8217789 -0.5064566 -0.2611152
-0.2979764 -0.5471316 -0.7822129
-0.5448696 0.1847031 0.8179253
-0.1358028 0.1473623 -0.9797152
0.2690157 0.9623608 -0.0386291
0.6659744 0.5618618 0.490703
0.5441382 -0.1874537 -0.8177865
0.4428484 -0.8385538 0.3173527
-0.2883008 0.7865414 -0.5461092
0.3039948 -0.8339754 -0.4605129
-0.9752215 0.1350267 0.1752452
-0.6858496 -0.5140659 0.5151180
-0.0164321 -0.5620520 0.8269386
0.4591385 0.5710753 -0.6804887
-0.2711415 -0.9616988 0.0402209
-0.6159133 0.7790528 0.1171648
-0.0808954 0.7739559 0.6280512
0.7948746 -0.1981642 0.5735027
0.8976184 -0.4086514 -0.1651822

