0.3260001 0.7007132 0.6346062
0.6182405 -0.2022722 0.7595160
0.3589210 0.9325335 -0.0394586
-0.0638489 -0.4022772 0.9132888
-0.1768814 0.2977829 0.9381036
-0.5790600 -0.7574951 0.3014809
-0.6678660 -0.5740099 -0.4737802
0.137141 -0.6089880 -0.7812336
0.7245998 -0.2058027 -0.6577237
0.7366490 0.4970693 -0.4585525
-0.9744777 -0.2169567 0.0576453
-0.3673805 -0.0872629 -0.9259680
0.1174838 -0.8926729 0.4351237
0.2237351 0.3227886 -0.9196467
-0.3015926 0.9027844 0.3066305
-0.8535276 0.3060031 -0.4217258
-0.8452351 0.4306639 0.3163956
-0.1640993 0.8252462 -0.5404074
0.5731719 -0.8124986 -0.1063952
0.9730326 -0.2281284 0.0341321
-0.1274779 -0.9657211 -0.2261240
0.8628546 0.4446895 0.2402774
-0.6924626 -0.1456318 0.7066024

