0.4822575 0.3444584 0.8054664
0.6258399 -0.3691474 0.6870623
0.2307712 0.906047 -0.3547160
-0.0498459 -0.3418055 0.9384478
-0.2482235 0.4135908 0.8759725
-0.5361109 -0.7126252 0.4524935
-0.4810348 -0.3452352 -0.8058649
-0.4637079 -0.8455723 -0.2645418
0.7999000 -0.2782480 -0.5317312
0.6893881 0.4196053 -0.5904874
-0.9596964 -0.2722040 -0.0699132
-0.1331307 0.4585908 -0.8786186
0.1247745 -0.9369615 0.3263961
0.2176253 -0.1658545 -0.9618376
-0.0515838 0.9159743 0.3979074
-0.8051795 0.2582217 -0.5338610
-0.8139824 0.5170487 0.2647515
-0.4665715 0.8459299 -0.2582898
0.7229800 -0.6899046 0.0364903
0.9874968 0.0626429 0.1446579
0.2060144 -0.8205449 -0.5331643
0.6747031 0.7117006 0.1955965
-0.7514409 -0.0712496 0.6559421

