-0.3977874 0.0805215 0.9139374
-0.6660773 -0.5074684 0.5466414
-0.8466330 0.2931700 0.4441441
0.8156728 -0.5561457 -0.1593105
0.1221701 -0.8941216 0.4308375
-0.6712692 -0.4937819 -0.5527903
0.2584757 -0.9352223 -0.2419702
0.1996269 0.4086732 0.8905815
0.1607807 -0.3539163 0.9213538
-0.9861474 -0.1596227 -0.0450983
-0.0413490 -0.6330341 -0.7730188
0.5678255 -0.3191115 -0.7587767
0.1940849 0.2364118 -0.9520717
-0.3397968 0.7139223 0.6122525
-0.6101165 0.7917575 -0.0296304
0.5757865 0.6268679 -0.5248872
0.7755374 0.6163916 0.1363933
0.1866621 0.9525093 0.2405893
-0.1825176 0.7332899 -0.6549605
0.6878060 -0.5202821 0.5061911
0.9599914 0.0987750 -0.2620305
0.7670502 0.144716 0.6250530
-0.3973059 -0.9172030 -0.0297779
-0.7684364 0.2296429 -0.5973020

