0.5699403 0.7984178 -0.1941574
0.7614846 -0.1409685 0.6326683
-0.1011736 -0.9545243 0.2804412
-0.096708 0.8887628 -0.4480495
-0.7326361 -0.6101431 0.3016119
0.5845539 0.6022868 0.5436427
-0.4121161 -0.2637475 -0.8721224
0.9804722 0.1938449 0.0331412
0.3006446 -0.3553169 -0.8850778
-0.4622273 -0.7970105 -0.3887420
0.6825848 0.2750380 -0.6770761
0.6316930 -0.7343892 0.2482669
0.0004706 0.9504724 0.3108088
0.8470375 -0.3979776 -0.3523368
-0.9306693 -0.1973736 -0.3080557
-0.6753968 0.7369917 0.0261203
-0.4867532 -0.2109248 0.8476922
0.1471374 -0.5501867 0.8219764
-0.4236153 0.5404326 0.7269681
-0.9343889 0.1361586 0.3292084
0.0152738 0.3652741 -0.9307747
0.2503893 -0.8835927 -0.3956883
-0.6793737 0.4052573 -0.6117336
0.1617446 0.1999077 0.9663724

