-0.2532579 -0.7972196 -0.5479976
-0.8807369 -0.4196176 -0.2195986
0.9186930 0.1747976 0.3541878
0.2587277 0.2382281 -0.9361129
0.2167883 -0.4310454 -0.8759011
-0.5318100 -0.7733177 0.3451926
0.7721811 0.6165324 -0.1537017
0.2331395 0.7946436 -0.5605243
-0.7108480 -0.1524018 0.6866358
-0.8085218 0.4608654 0.3659175
0.2491739 0.9643653 0.0889490
0.8153768 0.0300377 -0.5781509
0.6192135 -0.5706624 0.5393691
-0.2581208 0.8229784 0.5060436
0.4670334 -0.8151812 -0.3425777
-0.8683401 0.3637397 -0.3371630
0.9237738 -0.3817458 -0.0302014
-0.4813617 -0.1736920 -0.8591403
-0.1739520 0.3006779 0.9377278
0.4871410 0.0007408 0.8733230
-0.3397638 0.5199852 -0.7836938
0.1270460 -0.9522749 0.2775461
0.3895113 0.6405451 0.6618028
-0.3659121 0.9101939 -0.1940500
-0.0402230 -0.4676235 0.8830121

