0.5647575 0.6327869 0.529745
0.1875674 -0.4339791 0.8811814
-0.8931983 0.4379546 0.1019434
-0.5681378 -0.8220180 -0.0388058
0.6171049 0.1669381 -0.7689689
0.8107538 -0.4564191 -0.3665514
0.7254337 -0.0337032 0.6874664
0.0634025 0.2644565 0.9623112
-0.3858297 -0.6083484 -0.6935760
0.2890283 -0.464771 -0.8369293
-0.000269 -0.9240527 0.3822651
0.1986044 -0.9358515 -0.2910985
0.1065199 0.7083554 -0.6977723
0.7503205 0.6125365 -0.2486326
-0.6234576 0.4480492 -0.6407437
0.2295146 0.9732044 0.0140122
-0.4888705 -0.4895557 0.7220394
-0.8695097 -0.1671309 -0.4647797
-0.1590396 0.0652721 -0.9851122
0.6803303 -0.6677841 0.3020183
-0.9374534 -0.2624115 0.2287386
-0.6259280 0.2120316 0.7505043
0.9966306 0.0592943 0.0566720
-0.2428178 0.7930488 0.5586709
-0.4270306 0.8919496 -0.1485622

