-0.2874045 -0.6713226 0.6831725
0.5628711 0.8259123 -0.0323270
-0.1449102 -0.9838054 0.1054889
-0.6795326 0.5350822 0.5019189
0.4177531 -0.8749029 -0.2450046
0.5390997 0.4636947 -0.7031065
0.8712378 -0.4863998 0.0660301
-0.2057321 -0.8149333 -0.5418100
0.3972807 -0.7355378 0.5487733
-0.9820326 -0.0309165 0.1861615
-0.508812 0.2867178 -0.8117286
-0.6229538 -0.0802734 0.7781290
0.5192407 -0.4309212 -0.7380352
0.9347425 0.2972081 0.1947405
0.0788088 0.0094607 -0.9968449
-0.7444642 -0.6648245 0.0614935
-0.1605427 0.3976477 0.9033838
-0.6946428 -0.3387175 -0.6346195
-0.0740432 0.7688057 -0.6351814
-0.3713588 0.9272736 -0.0475007
0.9155408 -0.0072169 -0.4021604
0.7477414 -0.1652215 0.6431055
0.0475771 0.8762126 0.4795706
0.1586470 -0.1895854 0.9689626
-0.8419107 0.4754763 -0.2551640
0.4905375 0.4459461 0.7486688

