0.2403423 -0.3309402 0.9125317
-0.9381187 0.3264681 -0.1155507
-0.5953573 -0.8033826 0.0112331
0.0336903 0.6450673 -0.7633827
0.3503806 -0.5782962 -0.7367543
0.8649499 -0.0893709 0.4938366
0.4327308 0.3686184 0.8227178
-0.3183088 -0.7018675 -0.6372296
0.5626631 0.0591042 -0.8245707
-0.1218507 -0.8454980 0.5198899
0.1489779 -0.9782200 -0.1445382
0.6491265 0.6222962 -0.4374725
0.7057883 0.6520108 0.2770286
-0.5866306 0.3981754 -0.7052098
0.1681190 0.9808445 -0.0983878
-0.5286132 -0.3500000 0.7733486
-0.8187098 -0.2652280 -0.5092822
-0.1506173 -0.0749863 -0.9857441
0.5689781 -0.7173648 0.4020593
-0.9350736 -0.2476178 0.2536192
-0.7184216 0.4573232 0.5241429
0.8007374 -0.5542071 -0.2273194
-0.0716584 0.8380526 0.5408631
-0.4922580 0.8631149 -0.1127599
-0.2303282 0.2375512 0.9436728
0.9812618 0.0879330 -0.1714442

