0.6820422 -0.7056477 -0.1920411
0.6660297 -0.5182759 0.5364648
0.0185784 0.6641314 -0.7473850
0.6522428 0.6233943 -0.4312294
0.2836976 0.9036744 0.3207619
-0.4501276 0.1923092 0.8720105
0.8082162 0.5643322 0.1682729
0.7164613 0.1888193 0.6715880
-0.6453856 -0.7363164 -0.2032623
0.2639611 -0.4359031 -0.8604145
0.9828976 -0.0599037 0.1741374
0.0297421 -0.9133356 -0.4061200
-0.6868868 -0.5962942 0.4154753
-0.9034019 -0.1824279 -0.388053
-0.4406085 -0.3683950 -0.8186264
-0.0360909 -0.9206195 0.3887894
0.2208748 0.5225918 0.8234757
-0.9558641 -0.0262618 0.2926333
0.4825038 0.1869438 -0.8557114
-0.2724938 -0.4461318 0.8524750
-0.2768964 0.7781318 0.5637723
-0.7728349 0.5846104 0.2468945
0.230479 -0.0795525 0.96982
0.8908333 -0.1259639 -0.4365192
-0.2507750 0.9494927 -0.1886145
-0.8290730 0.4331122 -0.3536267
-0.4678132 0.2833637 -0.8371713

