-0.4068097 0.8345217 -0.3715905
-0.8835052 -0.2559352 0.392321
0.3139638 0.8051506 0.5031493
0.8668421 -0.3039380 0.3952297
-0.6495678 -0.7596435 -0.0316774
-0.0175083 -0.9860923 -0.1652738
0.8503242 0.4957531 0.1765717
0.6869771 -0.6805441 -0.2547983
-0.3952022 -0.2259436 0.8903734
0.6075722 0.2090552 0.7662584
0.1922429 -0.6583698 -0.7277307
-0.4951765 -0.5432641 -0.6779855
-0.6847620 0.3722383 0.6265299
0.6786252 0.5375766 -0.5004791
-0.3416644 0.8817028 0.32537
-0.2721837 -0.7981121 0.5375250
0.2523775 0.9538165 -0.1629099
-0.6318706 0.2722693 -0.7256783
0.9703994 -0.0574656 -0.2345691
-0.9406739 -0.1629422 -0.2976281
0.2729429 -0.3764841 0.8853033
0.5770053 -0.0802792 -0.8127854
-0.0518467 0.3822232 0.9226144
0.4083656 -0.8340918 0.3708481
-0.0984440 -0.0619650 -0.9932115
0.0720431 0.5761449 -0.8141664
-0.8871235 0.4610209 -0.0217195

