-0.3648713 -0.3113322 -0.8774629
-0.7003546 -0.6508743 0.2930292
-0.5223064 0.6972349 -0.4909781
0.3170903 -0.0054263 -0.9483798
0.9244788 0.3803257 -0.0262915
-0.3271309 -0.8276924 -0.4559721
-0.0901169 -0.7056584 0.7027981
-0.7709009 0.1222479 -0.6251138
0.6459428 0.4426985 -0.6219132
-0.9900629 -0.0395385 0.1349524
0.0992869 0.7813242 -0.6161774
0.1032226 -0.9934478 0.0490570
0.6411449 -0.7258911 -0.2490287
-0.8302275 -0.4458075 -0.3346311
0.6638659 0.3668355 0.6517007
0.2406012 -0.6176784 -0.7487219
0.5865568 -0.7106619 0.3884725
-0.1358838 0.9901128 -0.0348176
-0.5168092 0.5744748 0.6347338
0.1028208 0.7847483 0.6112266
-0.2351738 0.3170902 -0.9187748
-0.7031688 -0.0575498 0.7086901
0.4445227 -0.2857098 0.8489814
0.8865181 -0.1600926 -0.4341153
-0.1222154 0.0831517 0.9890143
0.9400580 -0.1865636 0.2854558
-0.8170380 0.5730826 0.0634452
0.5051772 0.8557804 0.1115167

