-0.7202218 0.2300496 -0.6544905
0.3734580 0.7066779 0.6009455
0.4892587 -0.5725239 0.6579075
-0.9991599 -0.0214932 -0.0348926
-0.7614222 -0.6236520 0.1769022
-0.2473036 0.8583073 -0.4496104
0.6515638 -0.5692436 -0.5014243
0.8904444 0.1018476 0.4435492
0.4270744 0.0976879 0.8989241
-0.2534672 -0.2175730 -0.9425584
0.4430045 -0.0544388 -0.8948650
-0.1727127 -0.8347364 0.5228629
-0.2873900 -0.9430522 -0.1675099
0.9270687 0.0686772 -0.3685471
0.2493253 0.9673486 -0.0455366
-0.0778438 0.4242264 -0.9022041
0.5077336 0.6092014 -0.6091635
-0.6903241 -0.2279675 0.6866465
-0.7097977 -0.4815514 -0.5140967
0.0483231 -0.7302189 -0.6815022
0.3601281 -0.9319633 0.0418585
-0.7706610 0.3899816 0.5039801
-0.7592122 0.6407941 -0.1139288
0.8815603 -0.4579980 0.1144084
-0.2130961 0.3969822 0.8927459
-0.2867427 0.8864100 0.3633949
-0.1006287 -0.3076601 0.9461602
0.7992652 0.5998917 0.0361275

