-0.1061406 0.3632979 0.9256073
-0.9581010 -0.2864160 -0.0028715
0.7968901 -0.1108981 -0.5938584
0.1566497 -0.8769499 0.4543344
0.3584419 0.9290587 0.0914845
0.4387230 0.3383781 -0.8324797
0.1617088 0.8335141 -0.5283034
0.5513392 -0.6717961 -0.4946869
-0.3397146 -0.1769291 -0.923737
-0.2407628 0.9686506 -0.0612310
0.9740174 -0.2258530 -0.0167498
-0.8361287 0.5435068 0.0740888
0.4386357 0.0832812 0.8947977
-0.0578795 -0.7183249 -0.6932960
-0.6782114 0.105353 0.7272757
-0.4359187 -0.7117305 0.5508309
-0.1713311 0.4219700 -0.8902736
-0.0551731 -0.9912228 -0.1201389
0.8742656 0.1557394 0.4597880
-0.6205541 -0.6366269 -0.4578415
0.2954077 -0.2674932 -0.9171596
0.5637451 -0.4750385 0.6756700
-0.3493381 0.7769417 0.5237600
0.6613998 -0.7400232 0.1221308
0.8413816 0.4975133 -0.2110865
-0.8126149 0.1092364 -0.5724723
0.4770302 0.6274379 0.6154379
-0.0410434 -0.2939124 0.9549507
-0.5647813 0.6658836 -0.4874640

