0.3196892 0.7643425 0.5599815
0.3990076 -0.8508697 0.3417801
0.3290966 0.2346985 0.9146650
0.2542342 -0.5013274 -0.8270646
-0.6088093 0.7391667 -0.2880692
-0.1672852 -0.1600210 0.9728355
0.9642491 0.2269036 -0.1368882
-0.1729138 -0.7114251 0.6811572
-0.2023633 -0.9778851 0.0528186
0.5277301 -0.3781024 0.7606178
0.9009030 -0.4122996 0.1355835
0.7955600 -0.2276183 -0.5614929
0.6125213 0.7903970 0.0094994
-0.2472323 0.5090047 -0.8244940
0.2534474 0.1215724 -0.9596794
-0.8112396 0.1742536 -0.5581451
-0.7720736 0.5494010 0.3194698
0.4822565 -0.8245931 -0.2957617
0.8407946 0.2196779 0.4947787
-0.7284261 -0.6180664 0.2956168
-0.1988019 0.9550711 0.2198111
-0.9989690 -0.0045715 0.0451674
-0.3087226 0.5196078 0.7966794
-0.2303443 -0.8056030 -0.5458437
0.5873635 0.5221904 -0.6183214
-0.3831325 -0.2034780 -0.9010029
-0.7786779 -0.5080126 -0.3682172
-0.7342770 -0.0614884 0.6760595
0.0767525 0.915465 -0.3950100

