-0.1785978 -0.9828068 0.0468365
0.8671020 0.4383583 0.2365926
-0.8692346 0.0250312 -0.4937658
0.5406934 0.8348785 -0.1030950
-0.0096154 0.3409181 -0.9400438
-0.9159587 0.4003807 -0.0267377
-0.2557880 -0.8145124 -0.5207130
-0.6844082 -0.7058726 0.1825630
-0.4244400 0.5252759 0.7375201
0.3356270 -0.8872707 0.3163941
0.5265984 -0.4865531 0.6971085
0.8786431 -0.4207763 0.2256846
-0.7552866 -0.5374573 -0.3750757
0.0261209 -0.3201158 0.9470182
-0.5625670 0.5701737 -0.5986821
0.4302270 -0.8557867 -0.2872871
0.0597658 0.2626125 0.9630487
0.5851101 0.5211962 -0.6212896
0.8825187 -0.1593283 -0.4424649
0.1074449 0.9562649 0.2720533
0.4030294 0.6304240 0.6634251
0.4556134 -0.0329166 -0.8895690
0.6121652 0.0867702 0.7859547
-0.2390492 -0.7396299 0.6291288
-0.4077342 -0.2358758 -0.8821085
-0.5358188 -0.2311515 0.8120758
-0.9758448 -0.2061511 0.0723090
0.1960649 -0.5559357 -0.8077710
-0.8454157 0.1628692 0.5086707
-0.4788480 0.8730469 0.092161

