-0.6528180 0.0936419 0.7517046
0.2214805 -0.8674265 -0.4455532
0.3245793 -0.9227680 0.2077200
0.548336 -0.4004839 -0.7341255
-0.3251397 -0.9442462 0.0518004
-0.3754478 -0.7153009 -0.5893926
-0.7361953 0.5942429 0.3238701
0.0781977 0.7541657 -0.6520117
0.6888639 0.5629096 -0.4567266
0.9343649 -0.0150213 -0.3560009
-0.8314416 0.4235905 -0.3595497
-0.1347959 0.4706656 0.8719541
-0.0903824 -0.2762850 -0.9568164
0.3227322 0.9450915 -0.0514397
0.7879641 -0.6079557 -0.0974807
-0.9911922 0.0141079 0.1316772
-0.3995717 0.8820825 -0.2495456
-0.3632378 0.3466150 -0.8648216
-0.7446583 -0.1519492 -0.6499196
0.5279493 0.1332872 0.8387515
-0.1858575 0.9070941 0.3776736
0.9287602 -0.1388980 0.3436739
-0.8289969 -0.5442332 -0.1287415
0.8632162 0.4734979 0.1750928
-0.6908644 -0.5014822 0.5207898
0.3670398 0.2019299 -0.9080232
-0.0654807 -0.1800541 0.9814748
0.5185996 -0.5124626 0.6844242
0.4215524 0.7033951 0.5723015
-0.1208238 -0.7339094 0.6684150

