-0.7231008 0.4957190 -0.4810279
0.6028800 0.6252976 0.4955184
-0.1386909 -0.5833754 0.8002737
-0.9842600 0.1313493 -0.1182354
-0.3649569 -0.8528697 -0.3733895
0.9401202 -0.0421847 -0.3382226
0.3349971 -0.8770976 -0.3442044
0.9627812 0.1492465 0.2253392
0.5201870 -0.1021701 0.8479191
0.2184812 -0.5435205 -0.8104637
-0.0034838 -0.0456947 -0.9989494
-0.5625081 -0.7801241 0.2738448
-0.0376657 -0.9956126 0.0856559
0.0126447 0.9090594 -0.4164746
0.6568137 0.5851141 -0.4756440
-0.1122435 0.5134123 -0.8507698
0.4071280 0.9133563 0.0052015
0.3728246 -0.8007152 0.4688892
-0.8392806 -0.3551431 -0.4116813
-0.3572391 -0.4655891 -0.8096956
0.8259151 -0.3852864 0.4116051
-0.9180544 -0.2884491 0.2719802
-0.3276245 0.4637989 0.8231359
0.5514179 -0.0374683 -0.8333873
-0.1018617 0.9290848 0.3555639
-0.4796729 0.8701575 -0.1128714
-0.0677866 -0.0410274 0.9968559
0.8012299 -0.5824689 -0.1369696
-0.5414854 0.0804747 -0.8368497
-0.8127137 0.4754902 0.3367573
-0.6149543 -0.1587139 0.7724255

