-0.9168854 0.3960919 -0.0493192
0.9375589 0.2572478 0.2341085
0.1767743 -0.0073221 0.9842242
-0.8279915 0.0936344 0.5528677
-0.5637799 -0.7987320 -0.2101888
0.1911798 0.9294746 -0.3154793
-0.0682463 -0.6780473 -0.7318431
0.7215453 -0.1864688 0.6667846
0.4571849 0.4948166 0.7390119
0.4119138 -0.2607775 -0.8731106
0.5897707 -0.6915972 -0.4169697
-0.229274 -0.8847403 0.4057931
0.0603971 -0.9835015 -0.1705197
-0.1924289 0.6295557 -0.7527488
0.7555763 0.5534019 -0.3505008
0.3911912 0.3900266 -0.8335759
-0.0152785 0.9209333 0.3894207
0.1952430 -0.6040503 0.7726599
-0.6336617 -0.3578060 -0.6858919
-0.1763513 -0.0016125 -0.9843260
0.5088291 -0.8163814 0.2731563
-0.7587116 -0.5324507 0.3753038
0.568842 0.7968612 0.2035461
0.9234269 -0.3765719 0.0740024
-0.5957759 0.6898581 0.4112748
-0.4521527 0.8688295 -0.2017255
-0.2545389 0.4296554 0.8663753
0.8808652 -0.0498220 -0.4707381
-0.7170859 0.2878250 -0.6347791
-0.964782 -0.2223339 -0.1405822
-0.4011962 -0.2922576 0.8681170

