0.2508602 -0.3883912 0.8866913
-0.5526882 -0.8300664 -0.0743336
0.2314162 0.8571511 -0.4601505
-0.1961259 -0.809281 -0.5537137
-0.9049075 -0.1881893 0.3817423
0.2585189 -0.3181503 -0.9121120
0.7378432 -0.1120592 0.6656051
-0.9497450 -0.2337288 -0.2082193
0.9978316 -0.0435345 0.0493645
0.8237131 -0.1380525 -0.5499439
-0.5637253 -0.65396 0.5045296
0.7888921 0.4990040 -0.3586702
0.5134951 0.8561466 0.0577568
-0.2720042 -0.0528207 -0.9608453
-0.7428178 0.1829192 -0.6440205
-0.3823378 0.8641248 -0.3272707
-0.8458091 0.5138837 -0.1432847
0.2522344 0.2668455 0.9301458
-0.3246011 0.8546151 0.4052988
0.8004731 -0.5801789 -0.1504500
-0.6219900 -0.4200196 -0.6608418
-0.3521561 0.4039264 0.8442924
0.0000953 -0.8299327 0.5578635
-0.8011797 0.4054644 0.4401246
-0.3790181 -0.2284420 0.8967494
0.1660308 -0.9854089 -0.0374588
0.2558703 0.7722197 0.5815557
0.4747464 0.2387870 -0.8471107
0.3873584 -0.7524378 -0.5327202
0.5885511 -0.6964762 0.4105222
-0.0659113 0.5104997 -0.8573481
0.7866322 0.4580724 0.4139801

