0.6834383 0.1437107 0.7157229
-0.0395068 -0.0210607 -0.9989973
0.9703806 0.1935004 0.1446343
0.2274078 0.5905406 0.7743046
-0.4091400 0.5173887 0.7516072
-0.9701921 -0.1937461 -0.1455670
-0.8556945 0.4153295 -0.3086882
-0.7730145 -0.5117666 0.3748914
-0.6829711 -0.1443126 -0.7160477
0.5636498 0.1004908 -0.8198783
0.4306027 -0.4411013 0.7874077
0.0430212 -0.9478184 -0.3158947
-0.0428506 0.9479617 0.3154877
-0.9114498 0.1880686 0.3659092
0.6386151 -0.7436859 -0.1977423
0.9112249 -0.1889328 -0.3660240
-0.6389533 0.7434749 0.1974428
0.7731065 0.5113127 -0.3753208
0.0397562 0.0204746 0.9989996
0.1851396 0.6148770 -0.7665830
-0.2274455 -0.5908114 -0.7740868
-0.3189834 0.8846887 -0.3399639
-0.5632880 -0.1009226 0.8200739
0.6321847 0.7170350 0.2936040
-0.1855518 -0.6155531 0.7659406
-0.3088271 -0.9255580 0.2190165
0.3095242 0.9251822 -0.2196193
0.8557391 -0.4157116 0.3080495
0.4089299 -0.5176732 -0.7515257
-0.4309066 0.4400206 -0.7878461
-0.6318909 -0.7173107 -0.2935628
0.3191113 -0.8850144 0.3389949

