0.2657285 0.7483711 0.6077245
-0.5487778 0.5138169 -0.6594203
0.2387696 -0.9564265 0.1680400
-0.0031998 0.7127046 -0.7014570
0.7741963 0.3792073 0.5067760
-0.1028352 -0.3682915 0.9240056
-0.9914387 -0.1078393 0.073621
0.5403702 0.6351624 -0.5518775
0.9867318 -0.0626504 0.1497844
-0.2521529 -0.7984368 0.5467335
0.2927352 -0.6864155 0.6656875
0.1393420 0.9725966 -0.1861172
-0.7152637 0.1571933 0.6809465
0.3664328 0.2646656 0.8920084
-0.7070134 -0.4179655 0.5704708
0.3286185 -0.8464966 -0.4188715
-0.7745866 -0.6320347 0.0234037
-0.8574875 0.4713512 0.2062603
0.0262876 -0.4142460 -0.9097853
-0.4968511 0.8594811 -0.1201304
-0.5214661 -0.2170459 -0.8252055
-0.8818576 0.0469655 -0.469171
-0.2698612 0.8682250 0.4163655
0.7686801 0.6393375 -0.0194539
0.8470772 0.0717752 -0.5266010
0.8312094 -0.4845100 -0.2726555
0.4061200 0.1982194 -0.8920625
-0.3048994 -0.9523844 -0.0004495
-0.1579870 0.1977660 -0.9674341
-0.5115726 -0.7009515 -0.4969511
0.7144927 -0.6394301 0.2839532
-0.2110056 0.2712463 0.9390964
0.6205927 -0.2286030 0.7500703

