-0.4342604 -0.7065087 -0.5588053
-0.2579746 0.0259455 0.9658032
-0.8302714 -0.1711339 -0.5304362
0.7735469 -0.4553657 0.4407575
-0.0932965 0.9795966 0.1780066
0.8224871 0.1948754 0.5343581
-0.8160423 0.4344720 -0.3811943
0.7520242 -0.6463099 -0.1293952
0.1810526 0.6340273 -0.7518173
-0.3258208 -0.2093524 -0.9219612
0.2673439 -0.9100492 -0.3167614
0.2897687 -0.8802382 0.3757856
0.4315268 -0.2233608 0.8740106
0.3797239 0.8952605 -0.2330631
-0.4331345 -0.7759446 0.4585897
0.2857822 0.3666204 0.8853915
-0.0461526 -0.5541002 0.8311696
-0.8242291 -0.5658293 -0.0219906
0.7202511 -0.2787226 -0.6352575
-0.3931130 0.3786365 -0.837912
-0.2191638 0.6752024 0.7043216
-0.7360165 -0.2866829 0.6132639
-0.2476048 -0.9677135 -0.0471425
0.2605805 0.0581942 -0.9636966
-0.6774196 0.7201373 0.1500166
0.7347242 0.3550628 -0.5780232
0.9959204 -0.0555412 -0.0711172
-0.9942783 0.0499750 0.0944096
-0.7212965 0.3232622 0.6125626
0.8373452 0.5466071 0.0085790
0.1819187 -0.5704090 -0.8009614
0.4440798 0.7767871 0.4465366
-0.3094176 0.8625208 -0.4003981

