0.3725547 -0.9279991 -0.0045574
0.5342428 -0.6473116 -0.5436656
-0.4880658 0.3576517 -0.7961639
-0.6503229 0.7503605 0.1184871
-0.8997292 0.3822381 -0.2106690
-0.7167832 -0.6971102 0.0161037
0.7063296 0.4785843 0.5215895
0.2050842 0.6488251 0.7327800
0.0261361 -0.8724790 0.4879521
0.0263237 0.2235284 -0.9743419
-0.6429502 -0.1040491 0.7588075
0.6934453 0.6903857 -0.2061580
0.4236213 0.1646272 0.8907541
0.9096577 -0.3739419 -0.1808048
-0.1378375 0.9904268 0.0074603
-0.9682744 -0.0972989 0.2301688
-0.6144570 -0.5886428 -0.525302
-0.1813699 -0.4429001 -0.8780344
-0.7118927 0.4189869 0.5636122
0.3966236 -0.1903019 -0.8980395
0.39531 0.8799077 0.2636141
-0.4968623 0.7634737 -0.4125964
0.9037729 0.1406655 -0.4042373
0.5184109 0.4054739 -0.7528885
-0.1578800 -0.9462295 -0.2823539
-0.5363548 -0.6371731 0.5534744
0.7339261 -0.6147304 0.2888928
-0.0405585 -0.4413431 0.8964214
-0.2896135 0.7948153 0.5332848
0.5224988 -0.3755149 0.7654956
-0.8090552 -0.0631581 -0.5843293
0.0289202 0.7736890 -0.6329052
0.9750698 0.0396749 0.2183228
-0.1698121 0.1845928 0.9680338

