-0.9202662 0.0067658 -0.3912345
0.1744966 -0.1147740 -0.9779457
-0.4290998 -0.8955744 -0.1175576
-0.9422063 0.2856858 0.1750170
-0.2686864 0.1531586 0.9509732
-0.9217990 -0.3782013 0.0851490
0.5410274 -0.5835304 -0.6056250
-0.6845147 0.5159629 -0.5149970
0.6341296 0.3023006 0.7116839
-0.1920945 0.4274902 -0.8833753
0.2953553 -0.0954186 0.9506106
0.3712003 0.5294411 -0.7628253
0.8205974 0.4732172 -0.3204458
0.0960572 0.6273092 0.7728235
0.5652914 0.7627002 0.3142196
-0.0985595 -0.6402304 -0.7618340
-0.4751818 -0.0974460 -0.8744750
0.640919 -0.7648214 0.0653538
-0.5681354 -0.6881178 0.4513491
-0.2041322 -0.4735539 0.8567828
0.9528829 0.2387565 0.1871082
-0.1771511 0.8855519 -0.4294361
-0.7551669 -0.0846878 0.6500392
0.3884415 -0.6389062 0.6640122
0.3746853 0.8971699 -0.233874
-0.6686099 -0.5455918 -0.5052627
-0.6085141 0.7929688 0.0301844
-0.0593043 0.9632789 0.2618716
0.8314959 -0.2872008 0.4755316
0.9442733 -0.2721576 -0.1851436
0.0121580 -0.9423499 0.3344083
-0.5408254 0.5838771 0.6054713
0.1620752 -0.9451060 -0.2837361
0.7153455 -0.0014251 -0.6987695

