0.2921774 0.5662583 0.7707035
0.7970515 0.3068165 0.5201659
0.4134290 -0.9105203 0.0053970
-0.9247851 -0.2911961 -0.2449025
0.5058911 0.3348509 -0.7949523
-0.6576160 0.7188705 0.2253140
-0.173834 0.8107465 0.5589918
-0.6967961 0.1413246 0.7032087
-0.7625026 -0.6261109 0.1630179
-0.0366096 -0.9493190 -0.3121750
0.4328894 0.8527545 -0.2922611
0.1271050 -0.5225805 0.8430622
-0.2343538 -0.3308311 -0.9141275
0.6023851 -0.1891880 0.7754612
-0.5397017 -0.6965035 -0.4728688
-0.1876145 -0.9544981 0.2318061
-0.5622999 0.4214266 -0.7114903
0.8434047 0.4648045 -0.2694909
0.6457376 -0.6182834 -0.4480498
0.1663125 -0.6593755 -0.7331876
-0.0792801 0.9959185 0.0431398
0.8518327 -0.0634708 -0.5199544
-0.6946409 -0.1120311 -0.7105794
-0.2169757 0.3583646 0.9080178
0.4473525 0.8526485 0.2699374
-0.4493795 -0.6308709 0.6325030
0.4512325 -0.2090484 -0.8675759
-0.9590245 -0.0802032 0.2717342
-0.3177136 -0.1867233 0.9296195
-0.0814523 0.1989971 -0.9766093
0.6598746 -0.6202359 0.4241143
-0.4615195 0.8204152 -0.3375185
0.0801401 0.7147592 -0.6947638
-0.9318468 0.2756226 -0.2359953
0.9802447 -0.1954103 0.0305788

