-0.7998786 0.5244143 0.2918628
0.4577710 0.5122746 0.7266501
0.9021595 0.2069594 0.3785183
-0.1760893 -0.2017253 -0.9634830
0.3096520 -0.5975313 0.7396431
0.9678578 -0.2103631 -0.1378353
-0.3400329 -0.7008337 -0.6270643
0.6575847 0.7421144 0.1298024
0.8999752 0.3519196 -0.2572881
0.1725982 0.9666656 -0.1891227
0.5380403 -0.0702200 0.8399892
-0.0086186 0.1760209 0.9843487
-0.6306940 0.6927533 -0.3497400
-0.2244459 -0.3919409 0.8921919
0.1133783 -0.9457266 -0.3045433
0.2898423 -0.5237153 -0.8010704
-0.9451734 0.1910800 -0.2648314
-0.8658471 -0.4824406 -0.1325132
-0.7258809 -0.2278204 -0.6489952
-0.1172132 -0.8951379 0.4301037
-0.33244 0.6185894 0.7119205
-0.9520405 -0.0652895 0.2989252
0.5147497 0.6246095 -0.5872782
0.4552421 -0.8711519 0.1839808
-0.4493263 -0.8919105 -0.0510054
0.6695250 -0.6527353 -0.3545038
0.209294 0.2388630 -0.9482302
-0.0991942 0.7379488 -0.6675268
-0.4906957 0.3077162 -0.8151862
0.8159169 -0.4271685 0.3896237
0.1321776 0.8885176 0.4393923
-0.6201397 0.0720213 0.7811784
-0.3671601 0.9235392 0.1107651
-0.6574124 -0.5699121 0.4929597
0.6956257 -0.0570064 -0.7161390

