0.8956234 0.4385298 -0.0745008
0.0005357 -0.6888958 0.7248602
-0.6435756 -0.1855146 -0.7425596
-0.4827570 -0.7770127 0.4039764
0.9263524 -0.3535363 0.1299361
-0.4473456 0.3278188 -0.8321158
-0.7354993 -0.5744357 -0.3592554
0.1457382 0.9009708 0.4086709
0.1703658 0.3140855 -0.9339838
0.4334173 -0.0875408 0.8969315
-0.2718145 -0.7594370 -0.5910773
-0.2616372 -0.9625807 -0.0706006
-0.2613322 0.7773313 -0.5722425
-0.5460194 -0.3601206 0.7564232
-0.0874854 -0.3306820 -0.9396785
-0.8769255 -0.3756044 0.2998717
-0.1870297 0.4307858 0.8828610
0.4809266 -0.8654068 0.1406442
0.2716625 -0.8162500 -0.5098387
0.6007040 -0.5238207 0.6039591
0.9422076 -0.0464454 -0.3317946
0.7480465 -0.5619339 -0.3530676
-0.1137880 -0.1059916 0.9878350
0.7040719 0.3826573 -0.5982108
-0.4154371 0.7634550 0.4945184
0.2870835 0.7516996 -0.5937431
0.6453885 0.6768954 0.3539580
0.4016322 0.9123475 -0.0794584
-0.7297317 0.5756232 -0.3689844
0.5863854 -0.1963958 -0.7858631
-0.8879674 0.3991109 0.2285268
-0.9629787 -0.0332414 -0.2675202
-0.6563153 0.1817815 0.7322607
0.8416814 0.1225849 0.5258758
-0.1770846 0.9824028 -0.0593785
0.3548361 0.4971309 0.7918032

