-0.9640126 0.2337998 -0.1265599
0.8244106 0.4534967 0.3386560
0.0671497 0.4375000 0.8967077
-0.5868146 -0.7458974 -0.3150964
-0.0452312 -0.9867325 -0.1559264
0.9971674 0.0566920 -0.0494295
-0.1715777 -0.6773206 -0.7154005
0.3243548 0.7845844 0.5284140
0.1142416 -0.1568147 0.9809985
0.4190296 -0.7530176 -0.5073250
0.2620816 -0.2994579 -0.9174084
0.8553113 -0.2764457 0.4382013
-0.5721971 -0.7716426 0.2777736
0.2550272 0.7997817 -0.5434246
0.5356891 0.8440343 -0.0253638
-0.1337836 0.4290892 -0.8932997
-0.0585448 0.9959670 0.0679877
-0.0218526 -0.8893819 0.4566423
-0.9418278 -0.3359803 -0.0088112
-0.3149421 -0.1217174 -0.9412738
0.7866677 0.4600894 -0.4116693
-0.8030386 -0.2382937 0.5462097
-0.3463169 0.7477813 0.5664695
0.4252562 0.2742780 -0.8625130
0.6031333 0.1462082 0.7841258
-0.6597753 0.7512694 0.0170538
-0.4497310 0.1424525 0.8817309
0.8442106 -0.5192539 -0.1329808
-0.3307888 0.8261615 -0.4561096
-0.8215446 0.3525245 0.4480971
-0.3198486 -0.5012978 0.8039884
-0.7710876 -0.2381217 -0.5905269
0.7728276 -0.1710719 -0.6111235
0.4910913 -0.8572240 0.1549073
0.4244115 -0.5648306 0.7077014
-0.6863924 0.3669879 -0.6278418

