0.9566297 -0.1979835 0.2136872
0.5323394 -0.5204990 0.6676043
-0.7107337 0.5991643 -0.3685915
-0.5770475 -0.1662964 0.7996009
-0.1644115 -0.7593875 -0.6295232
-0.7886681 -0.2782874 -0.5482324
-0.2668966 0.7934446 -0.5470027
-0.3657858 -0.3323546 -0.8693338
0.5986606 -0.0408228 -0.7999619
0.0410469 -0.7913623 0.6099680
-0.5929207 -0.7169232 -0.3666962
0.6151838 0.6099609 -0.4994963
-0.9872348 -0.1470321 0.0612296
-0.8234542 0.5542269 0.1214727
-0.0772330 -0.2591218 0.9627518
0.4226824 -0.7432328 -0.5185987
-0.6590993 0.2265182 -0.7171315
-0.4505557 -0.8845718 0.1205498
-0.4251575 0.9051183 -0.0014112
0.8490558 -0.3467764 -0.3985604
-0.8052655 -0.4019312 0.4358886
-0.9351392 0.1598283 -0.3161798
-0.4814547 0.6640376 0.5720625
0.7423364 -0.6690650 0.0358997
-0.1933475 0.2118596 -0.9579834
0.1498093 -0.3409978 -0.9280505
0.7686802 0.0208264 0.6392942
-0.2119295 0.3500448 0.9124443
-0.4267856 -0.6296434 0.6491558
-0.8637141 0.1538251 0.4799331
0.9638283 0.1663451 -0.2082408
0.1434746 0.7345443 0.6632192
0.3458842 0.1984933 0.9170412
0.7645045 0.5393568 0.3530257
0.2429528 0.9698719 0.0179569
0.2302238 -0.9643823 0.1302448
0.1462893 0.600735 -0.7859497

