0.9394488 -0.3335726 -0.0785199
0.2406338 -0.8815568 0.4061440
-0.3744244 -0.9117287 0.1689887
-0.8426280 0.121327 0.5246501
-0.8395022 0.3025779 -0.4513122
-0.7578783 -0.2565685 -0.5998275
0.6089408 -0.7780504 -0.1543656
0.7936314 0.5977791 0.1131788
0.0053724 0.9501461 -0.3117587
-0.2643379 -0.3774313 -0.8875084
-0.2693096 -0.6712119 0.6906135
0.5525063 0.5200461 0.6513745
0.1924770 -0.4227891 0.8855518
-0.9987558 -0.0482640 -0.0125492
0.2416961 -0.6728881 -0.6991456
0.9289149 0.2025527 -0.3099831
0.0879062 -0.9793316 -0.1821598
0.5934029 -0.041704 0.8038245
0.0588629 0.2232185 0.9729895
-0.3723398 -0.7897113 -0.4875645
0.1848827 -0.0577774 -0.9810607
-0.8124408 0.5731593 0.1069035
0.9363593 0.0685907 0.3442769
0.0424306 0.5835532 -0.8109656
0.5401492 0.7369078 -0.4064550
-0.4943490 0.7425343 -0.4519534
0.3075645 0.9327908 0.1878971
0.6964561 -0.3163222 -0.6441189
-0.7936620 -0.5976850 -0.1134604
-0.4088523 0.2259190 -0.8841948
0.7064320 -0.5390335 0.4586903
-0.7615843 -0.4535419 0.4629137
-0.4897984 0.5173798 0.7017234
0.5761034 0.2798546 -0.7679754
0.0162023 0.7511207 0.6599660
-0.3516828 0.9169325 0.1885575
-0.4106503 -0.1113293 0.9049708

