0.8225153 0.0291836 -0.5679937
0.8922773 0.4494670 -0.0426680
-0.0203089 -0.2794658 -0.9599408
-0.3889297 -0.9209521 0.0241048
-0.3603597 0.6765897 -0.6421583
0.3545617 0.0942210 -0.9302733
0.4974668 0.8137964 -0.3004366
-0.6389731 -0.6164718 -0.4600825
0.0392189 -0.9382684 0.3436777
-0.6278483 -0.0754175 -0.7746733
0.5841344 0.4676456 -0.6633963
-0.9466960 0.1082523 0.3033942
0.1115785 0.5753055 -0.8102924
0.2029758 -0.9653669 -0.1639130
0.5873608 -0.4573499 -0.6677113
-0.8042929 -0.5840136 0.1097314
0.8209104 0.2938430 0.4896553
-0.1029672 -0.7495504 -0.6538898
0.1262694 -0.5467167 0.8277420
-0.0104601 0.9384301 -0.3453108
-0.5452537 0.6717431 0.5014575
-0.0524704 0.8036338 0.5928065
-0.2213364 0.2099750 -0.9523238
-0.5360122 0.2370881 0.8102346
0.6297468 -0.1313599 0.7656132
0.9299585 -0.3106449 -0.1966643
-0.1976214 -0.1433080 0.9697467
0.9353289 -0.1774788 0.3060411
-0.8056070 0.5889125 0.0646480
0.2700504 0.9469805 0.1740711
-0.3891990 0.9202795 0.0401214
0.4245569 0.5747018 0.6996208
-0.9224873 -0.1796731 -0.3416646
0.6609964 -0.7399620 0.1246595
-0.7963178 0.4167551 -0.4383984
-0.642729 -0.3077417 0.7015657
-0.4350429 -0.7473218 0.5022427
-0.0135671 0.3397879 0.9404042

