0.6032651 -0.7293919 -0.3225814
0.9598298 0.2201839 0.173913
-0.3947490 -0.6086614 -0.6882620
0.6823707 -0.2837310 -0.6736964
-0.3363736 0.8436511 -0.4184562
0.3201052 0.0947574 -0.9426313
0.4818361 0.5818100 -0.6552336
-0.9505187 0.238084 -0.1995751
0.3699193 -0.5428694 0.7539579
-0.7883261 -0.1706519 -0.5911174
0.7298222 0.6787944 -0.0812267
-0.9647225 -0.2267335 0.1337996
-0.0744130 0.5316686 -0.8436772
-0.1048239 -0.8272801 0.5519235
0.1591501 -0.4741751 -0.8659268
-0.3143268 -0.9486578 -0.0353144
0.7829524 -0.1376486 0.6066617
0.0694924 -0.8868114 -0.4568767
0.2704744 -0.9527400 0.1383114
0.2151971 0.9328313 -0.2889914
-0.4521265 0.6737722 0.5844763
0.1002859 0.6182611 0.7795485
-0.2922729 -0.0473414 -0.9551625
-0.8547185 0.2979133 0.4250929
0.2935255 0.0476773 0.9547616
0.8675153 0.2107637 -0.4505507
-0.1764654 -0.3672745 0.9132193
0.9539443 -0.2826115 -0.1006032
-0.7017577 0.7124048 0.0039484
0.3705207 0.8711667 0.3221537
-0.1752421 0.9681343 0.1789029
0.6477232 0.4442423 0.6189535
-0.7502736 -0.6239213 -0.2186590
0.7195455 -0.6308462 0.2903229
-0.6294244 0.3987508 -0.6669503
-0.6318565 -0.6635625 0.4005524
-0.6910919 -0.1784971 0.7003790
-0.3133904 0.2136177 0.9252859

