-0.5334689 0.7583757 -0.374536
0.9209805 0.2332108 0.3121019
0.0005658 0.3763731 -0.9264680
0.5445179 0.5383399 0.6431877
-0.1336937 -0.5480642 0.8256825
0.1726956 -0.1514052 0.9732691
-0.7629415 0.6421457 0.0746271
-0.2349509 0.7727202 0.5896622
-0.6529996 -0.7464051 0.1283393
-0.8578450 0.3739526 -0.3525074
-0.2760974 -0.8449025 0.4581593
-0.4215549 -0.0206160 0.9065685
-0.8152277 0.0511359 0.5768786
0.6405115 0.7367706 0.2165968
0.7760307 -0.5882186 0.2275418
0.5090007 0.8130360 -0.2826496
0.2132607 -0.0563795 -0.9753672
0.1079397 0.4344118 0.8942234
-0.5209340 0.3596972 -0.7741096
0.5930870 0.0851912 0.8006187
-0.9302578 -0.3280991 -0.1642296
0.2323418 0.8564865 0.4609210
-0.3732019 -0.2451600 -0.8947720
-0.8045362 -0.0984249 -0.5856910
-0.1858088 0.9802849 0.0672050
0.2699473 -0.7501578 0.6036487
0.5922912 -0.3928464 0.7034649
-0.6518831 -0.6275871 -0.4256558
-0.8862587 -0.3412799 0.313167
-0.1645525 -0.8257341 -0.5395236
0.0958870 -0.9818417 0.1636843
0.4554663 -0.8246091 -0.3355149
-0.9860989 0.1314174 0.1016779
0.9079148 -0.1694484 -0.3833770
0.5528552 0.3411315 -0.7602502
-0.0392747 0.7960592 -0.6039431
-0.5772115 -0.5163861 0.6325917
0.1837628 -0.5209445 -0.8335755
-0.6528190 0.5081671 0.5617772

