0.6867024 0.7063785 0.1716659
-0.7244824 0.1147466 -0.6796753
0.8950344 -0.4182418 0.1548780
0.0350988 0.4786489 0.8773045
-0.6513117 -0.3115634 0.6918969
-0.7683377 -0.4392434 -0.4655345
-0.9766841 0.1041494 -0.1877261
0.1572005 0.0547513 -0.9860478
-0.2743543 0.4104317 -0.8696410
-0.4450144 -0.885468 -0.1338230
0.4728715 -0.6309370 0.6150699
-0.9303351 0.0614924 0.3615180
-0.2727252 0.9620822 -0.0043418
-0.6684741 0.6328923 -0.3906273
0.6557919 -0.0081339 -0.7548979
0.5426257 -0.8375693 0.0635225
-0.2736914 -0.7114181 -0.6472846
-0.8787696 -0.4680031 0.0934722
0.7727569 -0.1160636 0.6240000
0.1550475 -0.9266908 -0.3423513
0.0317467 -0.9591388 0.2811493
0.2561263 -0.5094127 -0.8215217
0.2042651 0.8885275 0.4108463
-0.3405059 0.7773914 0.5288840
0.6835071 -0.5753548 -0.4492047
-0.5915394 0.3276154 0.7367152
0.5732696 0.4415402 0.6902205
0.9537454 -0.0679768 -0.2928290
0.3206886 -0.0961042 0.9422965
0.9545975 0.2207486 0.2000340
-0.7787270 0.6042807 0.1686095
0.3270138 0.9208007 -0.2125746
-0.1297861 0.8322816 -0.5389462
0.7831821 0.496653 -0.3741143
-0.3334982 -0.2285402 -0.9146301
-0.0651846 -0.5936006 0.8021155
0.3558158 0.5626266 -0.7462215
-0.4847204 -0.7668259 0.4207424
-0.2297180 -0.0468122 0.9721308

