0.5114927 -0.3142624 -0.7997589
-0.2344874 0.6950056 -0.6796933
-0.4776281 -0.5486524 0.6861865
-0.4798409 -0.3963277 -0.7827369
0.2493296 0.7029764 0.6660773
0.3081793 -0.1957440 0.9309725
-0.2602144 0.9584021 -0.117277
-0.6671753 0.7075886 -0.2327992
-0.8097255 -0.1431508 0.5690804
0.5983870 0.3616601 0.7149371
0.9821069 0.1668808 -0.0872748
0.4498797 0.8333271 -0.3212074
-0.4962858 0.1024156 0.8620971
-0.3871600 0.8551677 0.3446671
-0.5097425 -0.8298670 0.2268995
0.9348688 -0.2518478 0.2501861
0.5457200 0.8204453 0.1704677
-0.9619224 -0.2695402 -0.0453136
0.0438243 -0.7097261 0.7031132
-0.8773818 0.4606027 0.1343369
0.7855737 0.4141609 -0.4597225
-0.1805998 -0.2606633 0.9483872
-0.8813393 0.2868686 -0.3754298
0.0843050 0.9627445 0.2569353
-0.0016467 -0.4631956 -0.8862545
0.5254695 -0.5545513 0.6452555
-0.1995041 -0.9604257 -0.1943721
0.6437995 -0.6236681 -0.4433512
-0.8322146 -0.1772001 -0.5253751
-0.6294315 0.4980118 0.5964900
-0.4960647 0.0879409 -0.8638207
-0.0460582 0.2976066 0.9535769
0.1384738 -0.9742435 0.1779736
0.4007314 0.2595154 -0.8786729
0.8837668 -0.1726374 -0.4349168
0.8453941 0.4486214 0.2899098
0.7228074 -0.1094549 0.6823262
0.2755844 -0.9128699 -0.3012005
0.6156877 -0.7602327 0.2073040
-0.5742704 -0.7072482 -0.4123268

