0.1245158 0.6679011 0.7337601
0.2300538 0.5716320 -0.7875990
-0.4190856 0.6253164 0.6582907
-0.0242393 0.9445605 -0.3274413
-0.0531943 0.0643242 -0.9965103
-0.3822477 -0.3811372 0.8417964
-0.8620622 0.3403637 -0.3755015
0.4456996 0.1436135 0.8835876
-0.7086295 0.1531368 0.6887622
0.5087032 0.7955781 -0.3290540
0.8840702 0.0175600 0.4670241
-0.5660739 0.7945154 -0.2197855
-0.0439072 -0.9990022 0.0081722
-0.7996021 0.5530333 0.2340739
0.7804405 -0.3320185 -0.529789
0.6366935 0.5457992 0.5447244
-0.5706945 0.1109881 -0.8136273
-0.9953395 0.0379028 0.0886721
0.7875053 0.3337127 -0.5181421
-0.3333910 0.6072684 -0.7211626
0.4444480 -0.8588067 0.2547884
0.1629835 -0.3266292 0.9309940
0.0108750 -0.8407713 -0.5412812
0.331233 0.9199198 0.2098385
0.2667934 -0.4608921 -0.846404
0.8601549 -0.5025960 0.0867803
-0.7983138 -0.3461310 0.4928372
0.9946091 -0.0006817 -0.1036935
-0.8305844 -0.2601198 -0.4924096
0.0192178 -0.7858172 0.6181602
-0.5039667 -0.7939556 -0.3400765
-0.1630909 0.1780770 0.9704071
-0.3478895 -0.4480459 -0.8235458
0.8463830 0.5304022 0.0480556
-0.8503365 -0.5259363 -0.0178537
-0.2359869 0.9421875 0.2378927
0.5203050 -0.7917466 -0.3200312
0.4914719 0.0508577 -0.8694072
0.6199685 -0.4558045 0.6386559
-0.4735665 -0.8149188 0.3341289

